episode;reward0;avg_reward0;t_global;cr;;episode;reward1;avg_reward1;t_global;cr;;episode;reward2;avg_reward2;t_global;cr;;episode;reward3;avg_reward3;t_global;cr;;episode;reward4;avg_reward4;t_global;cr;;episode;reward5;avg_reward5;t_global;cr;;episode;reward6;avg_reward6;t_global;cr;;episode;reward7;avg_reward7;t_global;cr;;avg_reward;avg_avg_reward
1;11.0;11.0;0.0;0;;1;27.0;27.0;0.0;0;;1;15.0;15.0;0.0;0;;1;16.0;16.0;0.0;0;;1;26.0;26.0;0.0;0;;1;14.0;14.0;0.0;0;;1;45.0;45.0;0.0;0;;1;18.0;18.0;0.0;0;;21.5;21.5
2;15.0;13.0;0.0;0;;2;22.0;24.5;0.0;0;;2;16.0;15.5;0.0;0;;2;24.0;20.0;0.0;0;;2;27.0;26.5;0.0;0;;2;14.0;14.0;0.0;0;;2;17.0;31.0;0.0;0;;2;11.0;14.5;0.0;0;;18.25;19.875
3;9.0;11.7;0.0;0;;3;14.0;21.0;0.0;0;;3;39.0;23.3;0.0;0;;3;20.0;20.0;0.0;0;;3;74.0;42.3;0.0;0;;3;17.0;15.0;0.0;0;;3;40.0;34.0;0.0;0;;3;16.0;15.0;0.0;0;;28.625;22.7875
4;13.0;12.0;0.0;0;;4;29.0;23.0;0.0;0;;4;17.0;21.8;0.0;0;;4;25.0;21.2;0.0;0;;4;12.0;34.8;0.0;0;;4;16.0;15.2;0.0;0;;4;29.0;32.8;0.0;0;;4;25.0;17.5;0.0;0;;20.75;22.287499999999998
5;13.0;12.2;0.0;0;;5;12.0;20.8;0.0;0;;5;19.0;21.2;0.0;0;;5;13.0;19.6;0.0;0;;5;21.0;32.0;0.0;0;;5;38.0;19.8;0.0;0;;5;14.0;29.0;0.0;0;;5;21.0;18.2;0.0;0;;18.875;21.6
6;21.0;13.7;0.0;0;;6;23.0;21.2;0.0;0;;6;10.0;19.3;0.0;0;;6;10.0;18.0;0.0;0;;6;17.0;29.5;0.0;0;;6;16.0;19.2;0.0;0;;6;30.0;29.2;0.0;0;;6;20.0;18.5;0.0;0;;18.375;21.075
7;22.0;14.9;0.0;0;;7;22.0;21.3;0.0;0;;7;20.0;19.4;0.0;0;;7;33.0;20.1;0.0;0;;7;29.0;29.4;0.0;0;;7;16.0;18.7;0.0;0;;7;16.0;27.3;0.0;0;;7;17.0;18.3;0.0;0;;21.875;21.175
8;17.0;15.1;0.0;0;;8;21.0;21.2;0.0;0;;8;23.0;19.9;0.0;0;;8;21.0;20.2;0.0;0;;8;14.0;27.5;0.0;0;;8;36.0;20.9;0.0;0;;8;25.0;27.0;0.0;0;;8;16.0;18.0;0.0;0;;21.625;21.224999999999998
9;14.0;15.0;0.0;0;;9;20.0;21.1;0.0;0;;9;14.0;19.2;0.0;0;;9;37.0;22.1;0.0;0;;9;24.0;27.1;0.0;0;;9;17.0;20.4;0.0;0;;9;14.0;25.6;0.0;0;;9;34.0;19.8;0.0;0;;21.75;21.2875
10;18.0;15.3;0.0;0;;10;42.0;23.2;0.0;0;;10;10.0;18.3;0.0;0;;10;23.0;22.2;0.0;0;;10;18.0;26.2;0.0;0;;10;62.0;24.6;0.0;0;;10;54.0;28.4;0.0;0;;10;24.0;20.2;0.0;0;;31.375;22.3
11;14.0;15.2;0.0;0;;11;11.0;22.1;0.0;0;;11;15.0;18.0;0.0;0;;11;22.0;22.2;0.0;0;;11;10.0;24.7;0.0;0;;11;15.0;23.7;0.0;0;;11;32.0;28.7;0.0;0;;11;24.0;20.5;0.0;0;;17.875;21.8875
12;16.0;15.2;0.0;0;;12;10.0;21.1;0.0;0;;12;17.0;17.9;0.0;0;;12;18.0;21.8;0.0;0;;12;29.0;25.1;0.0;0;;12;21.0;23.5;0.0;0;;12;28.0;28.7;0.0;0;;12;39.0;22.1;0.0;0;;22.25;21.925
13;27.0;16.2;0.0;0;;13;30.0;21.8;0.0;0;;13;17.0;17.8;0.0;0;;13;12.0;21.1;0.0;0;;13;10.0;23.9;0.0;0;;13;10.0;22.5;0.0;0;;13;11.0;27.3;0.0;0;;13;20.0;21.9;0.0;0;;17.125;21.5625
14;9.0;15.6;0.0;0;;14;26.0;22.1;0.0;0;;14;12.0;17.4;0.0;0;;14;23.0;21.2;0.0;0;;14;15.0;23.3;0.0;0;;14;14.0;21.9;0.0;0;;14;18.0;26.6;0.0;0;;14;37.0;23.0;0.0;0;;19.25;21.3875
15;20.0;15.9;0.0;0;;15;21.0;22.0;0.0;0;;15;16.0;17.3;0.0;0;;15;21.0;21.2;0.0;0;;15;11.0;22.5;0.0;0;;15;35.0;22.7;0.0;0;;15;25.0;26.5;0.0;0;;15;13.0;22.3;0.0;0;;20.25;21.3
16;9.0;15.5;0.0;0;;16;49.0;23.7;0.0;0;;16;30.0;18.1;0.0;0;;16;17.0;20.9;0.0;0;;16;30.0;22.9;0.0;0;;16;14.0;22.2;0.0;0;;16;15.0;25.8;0.0;0;;16;29.0;22.8;0.0;0;;24.125;21.4875
17;11.0;15.2;0.0;0;;17;16.0;23.2;0.0;0;;17;16.0;18.0;0.0;0;;17;31.0;21.5;0.0;0;;17;14.0;22.4;0.0;0;;17;21.0;22.1;0.0;0;;17;15.0;25.2;0.0;0;;17;9.0;21.9;0.0;0;;16.625;21.1875
18;13.0;15.1;0.0;0;;18;13.0;22.7;0.0;0;;18;17.0;17.9;0.0;0;;18;11.0;20.9;0.0;0;;18;21.0;22.3;0.0;0;;18;15.0;21.7;0.0;0;;18;46.0;26.3;0.0;0;;18;25.0;22.1;0.0;0;;20.125;21.125
19;24.0;15.6;0.0;0;;19;28.0;22.9;0.0;0;;19;12.0;17.6;0.0;0;;19;13.0;20.5;0.0;0;;19;12.0;21.8;0.0;0;;19;19.0;21.6;0.0;0;;19;12.0;25.6;0.0;0;;19;22.0;22.1;0.0;0;;17.75;20.962500000000002
20;48.0;17.2;0.0;0;;20;14.0;22.5;0.0;0;;20;12.0;17.4;0.0;0;;20;13.0;20.2;0.0;0;;20;32.0;22.3;0.0;0;;20;17.0;21.4;0.0;0;;20;30.0;25.8;0.0;0;;20;11.0;21.6;0.0;0;;22.125;21.05
21;21.0;17.4;0.0;0;;21;14.0;22.1;0.0;0;;21;19.0;17.4;0.0;0;;21;32.0;20.7;0.0;0;;21;17.0;22.0;0.0;0;;21;12.0;20.9;0.0;0;;21;12.0;25.1;0.0;0;;21;12.0;21.1;0.0;0;;17.375;20.8375
22;25.0;17.7;0.0;0;;22;15.0;21.8;0.0;0;;22;13.0;17.2;0.0;0;;22;23.0;20.8;0.0;0;;22;18.0;21.9;0.0;0;;22;14.0;20.6;0.0;0;;22;18.0;24.8;0.0;0;;22;31.0;21.5;0.0;0;;19.625;20.7875
23;24.0;18.0;0.0;0;;23;32.0;22.2;0.0;0;;23;28.0;17.7;0.0;0;;23;10.0;20.3;0.0;0;;23;22.0;21.9;0.0;0;;23;45.0;21.7;0.0;0;;23;31.0;25.1;0.0;0;;23;27.0;21.8;0.0;0;;27.375;21.0875
24;17.0;18.0;0.0;0;;24;16.0;22.0;0.0;0;;24;33.0;18.3;0.0;0;;24;11.0;20.0;0.0;0;;24;12.0;21.5;0.0;0;;24;23.0;21.7;0.0;0;;24;22.0;25.0;0.0;0;;24;11.0;21.3;0.0;0;;18.125;20.975
25;16.0;17.9;0.0;0;;25;40.0;22.7;0.0;0;;25;28.0;18.7;0.0;0;;25;11.0;19.6;0.0;0;;25;11.0;21.0;0.0;0;;25;38.0;22.4;0.0;0;;25;13.0;24.5;0.0;0;;25;15.0;21.1;0.0;0;;21.5;20.9875
26;16.0;17.8;0.0;0;;26;24.0;22.7;0.0;0;;26;19.0;18.7;0.0;0;;26;15.0;19.4;0.0;0;;26;44.0;21.9;0.0;0;;26;14.0;22.0;0.0;0;;26;17.0;24.2;0.0;0;;26;22.0;21.1;0.0;0;;21.375;20.975
27;18.0;17.8;0.0;0;;27;13.0;22.4;0.0;0;;27;26.0;19.0;0.0;0;;27;28.0;19.7;0.0;0;;27;29.0;22.2;0.0;0;;27;19.0;21.9;0.0;0;;27;22.0;24.1;0.0;0;;27;12.0;20.8;0.0;0;;20.875;20.9875
28;11.0;17.6;0.0;0;;28;17.0;22.2;0.0;0;;28;19.0;19.0;0.0;0;;28;18.0;19.7;0.0;0;;28;22.0;22.2;0.0;0;;28;13.0;21.6;0.0;0;;28;24.0;24.1;0.0;0;;28;39.0;21.4;0.0;0;;20.375;20.975
29;27.0;17.9;0.0;0;;29;11.0;21.8;0.0;0;;29;22.0;19.1;0.0;0;;29;14.0;19.5;0.0;0;;29;40.0;22.8;0.0;0;;29;21.0;21.6;0.0;0;;29;29.0;24.3;0.0;0;;29;41.0;22.1;0.0;0;;25.625;21.1375
30;13.0;17.7;0.0;0;;30;19.0;21.7;0.0;0;;30;26.0;19.3;0.0;0;;30;13.0;19.3;0.0;0;;30;14.0;22.5;0.0;0;;30;13.0;21.3;0.0;0;;30;13.0;23.9;0.0;0;;30;34.0;22.5;0.0;0;;18.125;21.025
31;19.0;17.8;0.0;0;;31;16.0;21.5;0.0;0;;31;45.0;20.2;0.0;0;;31;18.0;19.2;0.0;0;;31;12.0;22.2;0.0;0;;31;48.0;22.2;0.0;0;;31;19.0;23.7;0.0;0;;31;21.0;22.5;0.0;0;;24.75;21.1625
32;21.0;17.9;0.0;0;;32;35.0;21.9;0.0;0;;32;13.0;19.9;0.0;0;;32;14.0;19.1;0.0;0;;32;19.0;22.1;0.0;0;;32;16.0;22.0;0.0;0;;32;12.0;23.4;0.0;0;;32;18.0;22.3;0.0;0;;18.5;21.075
33;11.0;17.7;0.0;0;;33;25.0;22.0;0.0;0;;33;36.0;20.4;0.0;0;;33;12.0;18.8;0.0;0;;33;17.0;21.9;0.0;0;;33;21.0;21.9;0.0;0;;33;31.0;23.6;0.0;0;;33;11.0;22.0;0.0;0;;20.5;21.0375
34;62.0;19.0;0.0;0;;34;19.0;21.9;0.0;0;;34;39.0;21.0;0.0;0;;34;22.0;18.9;0.0;0;;34;19.0;21.8;0.0;0;;34;34.0;22.3;0.0;0;;34;11.0;23.2;0.0;0;;34;14.0;21.7;0.0;0;;27.5;21.225
35;18.0;18.9;0.0;0;;35;28.0;22.1;0.0;0;;35;24.0;21.1;0.0;0;;35;28.0;19.2;0.0;0;;35;19.0;21.7;0.0;0;;35;34.0;22.6;0.0;0;;35;14.0;23.0;0.0;0;;35;24.0;21.8;0.0;0;;23.625;21.3
36;17.0;18.9;0.0;0;;36;34.0;22.4;0.0;0;;36;29.0;21.3;0.0;0;;36;12.0;19.0;0.0;0;;36;19.0;21.7;0.0;0;;36;10.0;22.3;0.0;0;;36;16.0;22.8;0.0;0;;36;38.0;22.2;0.0;0;;21.875;21.325
37;29.0;19.2;0.0;0;;37;59.0;23.4;0.0;0;;37;45.0;21.9;0.0;0;;37;50.0;19.8;0.0;0;;37;34.0;22.0;0.0;0;;37;14.0;22.1;0.0;0;;37;24.0;22.8;0.0;0;;37;12.0;22.0;0.0;0;;33.375;21.65
38;13.0;19.0;0.0;0;;38;10.0;23.1;0.0;0;;38;10.0;21.6;0.0;0;;38;18.0;19.8;0.0;0;;38;15.0;21.8;0.0;0;;38;25.0;22.1;0.0;0;;38;11.0;22.5;0.0;0;;38;21.0;21.9;0.0;0;;15.375;21.475
39;31.0;19.3;0.0;0;;39;29.0;23.2;0.0;0;;39;18.0;21.5;0.0;0;;39;22.0;19.8;0.0;0;;39;21.0;21.8;0.0;0;;39;12.0;21.9;0.0;0;;39;20.0;22.4;0.0;0;;39;19.0;21.9;0.0;0;;21.5;21.475
40;24.0;19.4;0.0;0;;40;35.0;23.5;0.0;0;;40;18.0;21.4;0.0;0;;40;31.0;20.1;0.0;0;;40;13.0;21.6;0.0;0;;40;54.0;22.7;0.0;0;;40;15.0;22.2;0.0;0;;40;25.0;22.0;0.0;0;;26.875;21.6125
41;28.0;19.6;0.0;0;;41;63.0;24.5;0.0;0;;41;18.0;21.3;0.0;0;;41;12.0;19.9;0.0;0;;41;26.0;21.7;0.0;0;;41;25.0;22.7;0.0;0;;41;28.0;22.4;0.0;0;;41;11.0;21.7;0.0;0;;26.375;21.725
42;13.0;19.5;0.0;0;;42;14.0;24.2;0.0;0;;42;16.0;21.2;0.0;0;;42;17.0;19.9;0.0;0;;42;13.0;21.5;0.0;0;;42;18.0;22.6;0.0;0;;42;16.0;22.2;0.0;0;;42;25.0;21.8;0.0;0;;16.5;21.6125
43;22.0;19.5;0.0;0;;43;37.0;24.5;0.0;0;;43;12.0;21.0;0.0;0;;43;27.0;20.0;0.0;0;;43;89.0;23.0;0.0;0;;43;15.0;22.4;0.0;0;;43;23.0;22.3;0.0;0;;43;35.0;22.1;0.0;0;;32.5;21.85
44;27.0;19.7;0.0;0;;44;18.0;24.4;0.0;0;;44;41.0;21.5;0.0;0;;44;11.0;19.8;0.0;0;;44;40.0;23.4;0.0;0;;44;27.0;22.5;0.0;0;;44;41.0;22.7;0.0;0;;44;28.0;22.2;0.0;0;;29.125;22.025
45;13.0;19.6;0.0;0;;45;26.0;24.4;0.0;0;;45;36.0;21.8;0.0;0;;45;29.0;20.0;0.0;0;;45;16.0;23.3;0.0;0;;45;22.0;22.5;0.0;0;;45;13.0;22.5;0.0;0;;45;10.0;21.9;0.0;0;;20.625;22.0
46;30.0;19.8;0.0;0;;46;55.0;25.1;800.0;0.0;;46;20.0;21.7;0.0;0;;46;15.0;19.9;0.0;0;;46;60.0;24.1;800.0;0.0;;46;20.0;22.5;0.0;0;;46;26.0;22.5;0.0;0;;46;24.0;22.0;0.0;0;;31.25;22.2
47;24.0;19.9;0.0;0;;47;11.0;24.8;800.0;0.0;;47;24.0;21.8;0.0;0;;47;20.0;19.9;0.0;0;;47;22.0;24.0;800.0;0.0;;47;18.0;22.4;0.0;0;;47;11.0;22.3;0.0;0;;47;30.0;22.1;0.0;0;;20.0;22.15
48;15.0;19.8;0.0;0;;48;20.0;24.7;800.0;0.0;;48;17.0;21.7;0.0;0;;48;15.0;19.8;0.0;0;;48;36.0;24.3;800.0;0.0;;48;12.0;22.2;0.0;0;;48;8.0;22.0;0.0;0;;48;15.0;22.0;0.0;0;;17.25;22.0625
49;16.0;19.7;0.0;0;;49;32.0;24.8;1600.0;1.0;;49;17.0;21.6;0.0;0;;49;17.0;19.8;0.0;0;;49;14.0;24.1;800.0;0.0;;49;11.0;21.9;0.0;0;;49;56.0;22.7;800.0;0.0;;49;33.0;22.2;0.0;0;;24.5;22.1
50;27.0;19.8;0.0;0;;50;57.0;25.5;1600.0;1.0;;50;12.0;21.4;0.0;0;;50;25.0;19.9;0.0;0;;50;27.0;24.1;1600.0;1.0;;50;15.0;21.8;0.0;0;;50;8.0;22.4;800.0;0.0;;50;15.0;22.1;800.0;0.0;;23.25;22.125
51;61.0;20.6;0.0;0;;51;13.0;25.2;1600.0;1.0;;51;15.0;21.3;0.0;0;;51;9.0;19.6;0.0;0;;51;17.0;24.0;1600.0;1.0;;51;22.0;21.8;800.0;0.0;;51;18.0;22.3;800.0;0.0;;51;12.0;21.9;800.0;0.0;;20.875;22.0875
52;19.0;20.6;0.0;0;;52;21.0;25.2;2400.0;2.0;;52;12.0;21.1;0.0;0;;52;11.0;19.5;0.0;0;;52;21.0;23.9;1600.0;1.0;;52;21.0;21.8;800.0;0.0;;52;13.0;22.1;800.0;0.0;;52;28.0;22.0;800.0;0.0;;18.25;22.025
53;21.0;20.6;0.0;0;;53;15.0;25.0;2400.0;2.0;;53;36.0;21.4;800.0;0.0;;53;21.0;19.5;0.0;0;;53;14.0;23.7;1600.0;1.0;;53;12.0;21.6;800.0;0.0;;53;26.0;22.2;800.0;0.0;;53;33.0;22.2;800.0;0.0;;22.25;22.025
54;13.0;20.5;800.0;0.0;;54;9.0;24.7;2400.0;2.0;;54;34.0;21.6;800.0;0.0;;54;27.0;19.6;0.0;0;;54;20.0;23.7;1600.0;1.0;;54;13.0;21.4;800.0;0.0;;54;19.0;22.1;900.0;0.0;;54;21.0;22.2;800.0;0.0;;19.5;21.975
55;73.0;21.4;800.0;0.0;;55;18.0;24.5;2400.0;2.0;;55;11.0;21.4;800.0;0.0;;55;19.0;19.6;0.0;0;;55;18.0;23.6;1600.0;1.0;;55;33.0;21.7;800.0;0.0;;55;13.0;22.0;1600.0;1.0;;55;31.0;22.3;1600.0;1.0;;27.0;22.0625
56;12.0;21.3;800.0;0.0;;56;17.0;24.4;2400.0;2.0;;56;10.0;21.2;800.0;0.0;;56;30.0;19.8;800.0;0.0;;56;10.0;23.3;2400.0;2.0;;56;13.0;21.5;1600.0;1.0;;56;17.0;21.9;1600.0;1.0;;56;22.0;22.3;1600.0;1.0;;16.375;21.9625
57;42.0;21.6;1600.0;1.0;;57;9.0;24.1;2400.0;2.0;;57;22.0;21.2;1600.0;1.0;;57;15.0;19.7;800.0;0.0;;57;48.0;23.8;2400.0;2.0;;57;35.0;21.7;1600.0;1.0;;57;30.0;22.0;1600.0;1.0;;57;20.0;22.3;1600.0;1.0;;27.625;22.05
58;20.0;21.6;1600.0;1.0;;58;53.0;24.6;3200.0;3.0;;58;11.0;21.1;1600.0;1.0;;58;13.0;19.6;800.0;0.0;;58;27.0;23.8;2400.0;2.0;;58;17.0;21.7;1600.0;1.0;;58;40.0;22.3;1600.0;1.0;;58;16.0;22.2;1600.0;1.0;;24.625;22.1125
59;13.0;21.5;1600.0;1.0;;59;13.0;24.4;3200.0;3.0;;59;12.0;20.9;1600.0;1.0;;59;18.0;19.6;800.0;0.0;;59;28.0;23.9;3200.0;3.0;;59;11.0;21.5;1600.0;1.0;;59;20.0;22.3;2400.0;2.0;;59;18.0;22.1;2400.0;2.0;;16.625;22.025
60;19.0;21.4;1600.0;1.0;;60;25.0;24.4;3200.0;3.0;;60;30.0;21.0;1600.0;1.0;;60;14.0;19.5;800.0;0.0;;60;32.0;24.0;3200.0;3.0;;60;60.0;22.1;2400.0;2.0;;60;19.0;22.2;2400.0;2.0;;60;27.0;22.2;2400.0;2.0;;28.25;22.1
61;17.0;21.3;2400.0;2.0;;61;26.0;24.5;3200.0;3.0;;61;16.0;21.0;1600.0;1.0;;61;17.0;19.5;800.0;0.0;;61;18.0;23.9;3200.0;3.0;;61;12.0;22.0;2400.0;2.0;;61;43.0;22.6;2400.0;2.0;;61;15.0;22.1;2400.0;2.0;;20.5;22.1125
62;36.0;21.6;2400.0;2.0;;62;23.0;24.5;4000.0;4.0;;62;21.0;21.0;1600.0;1.0;;62;15.0;19.4;1600.0;1.0;;62;9.0;23.7;3200.0;3.0;;62;14.0;21.8;2400.0;2.0;;62;19.0;22.5;2400.0;2.0;;62;13.0;21.9;2400.0;2.0;;18.75;22.05
63;20.0;21.6;2400.0;2.0;;63;15.0;24.3;4000.0;4.0;;63;14.0;20.9;2400.0;2.0;;63;15.0;19.3;1600.0;1.0;;63;30.0;23.8;3200.0;3.0;;63;20.0;21.8;2400.0;2.0;;63;11.0;22.3;3200.0;3.0;;63;21.0;21.9;2400.0;2.0;;18.25;21.9875
64;11.0;21.4;2400.0;2.0;;64;17.0;24.2;4000.0;4.0;;64;17.0;20.8;2400.0;2.0;;64;18.0;19.3;1600.0;1.0;;64;10.0;23.6;4000.0;4.0;;64;22.0;21.8;2400.0;2.0;;64;9.0;22.1;3200.0;3.0;;64;42.0;22.2;3200.0;3.0;;18.25;21.925
65;13.0;21.3;2400.0;2.0;;65;15.0;24.0;4000.0;4.0;;65;25.0;20.9;2400.0;2.0;;65;16.0;19.2;1600.0;1.0;;65;18.0;23.5;4000.0;4.0;;65;22.0;21.8;3200.0;3.0;;65;14.0;22.0;3200.0;3.0;;65;12.0;22.1;3200.0;3.0;;16.875;21.85
66;13.0;21.1;2400.0;2.0;;66;10.0;23.8;4000.0;4.0;;66;15.0;20.8;2400.0;2.0;;66;17.0;19.2;1600.0;1.0;;66;22.0;23.5;4000.0;4.0;;66;16.0;21.7;3200.0;3.0;;66;19.0;22.0;3200.0;3.0;;66;51.0;22.5;3200.0;3.0;;20.375;21.825
67;20.0;21.1;3200.0;3.0;;67;20.0;23.8;4000.0;4.0;;67;14.0;20.7;2400.0;2.0;;67;14.0;19.1;1600.0;1.0;;67;33.0;23.6;4000.0;4.0;;67;17.0;21.6;3200.0;3.0;;67;21.0;22.0;3200.0;3.0;;67;15.0;22.4;3200.0;3.0;;19.25;21.7875
68;10.0;21.0;3200.0;3.0;;68;9.0;23.6;4800.0;5.0;;68;12.0;20.5;2700.0;2.0;;68;16.0;19.1;1600.0;1.0;;68;11.0;23.4;4000.0;4.0;;68;35.0;21.8;3200.0;3.0;;68;12.0;21.8;3200.0;3.0;;68;25.0;22.4;4000.0;4.0;;16.25;21.7
69;27.0;21.0;3200.0;3.0;;69;23.0;23.6;4800.0;5.0;;69;10.0;20.4;3200.0;3.0;;69;14.0;19.0;2400.0;2.0;;69;11.0;23.2;4800.0;5.0;;69;27.0;21.9;4000.0;4.0;;69;10.0;21.6;3200.0;3.0;;69;10.0;22.3;4000.0;4.0;;16.5;21.625
70;14.0;20.9;3200.0;3.0;;70;11.0;23.4;4800.0;5.0;;70;16.0;20.3;3200.0;3.0;;70;17.0;19.0;2400.0;2.0;;70;19.0;23.2;4800.0;5.0;;70;22.0;21.9;4000.0;4.0;;70;17.0;21.6;4000.0;4.0;;70;15.0;22.2;4000.0;4.0;;16.375;21.5625
71;14.0;20.8;3200.0;3.0;;71;18.0;23.3;4800.0;5.0;;71;24.0;20.4;3200.0;3.0;;71;18.0;19.0;2400.0;2.0;;71;11.0;23.0;4800.0;5.0;;71;11.0;21.8;4000.0;4.0;;71;36.0;21.8;4000.0;4.0;;71;27.0;22.2;4000.0;4.0;;19.875;21.5375
72;10.0;20.7;3200.0;3.0;;72;16.0;23.2;4800.0;5.0;;72;19.0;20.4;3200.0;3.0;;72;18.0;19.0;2400.0;2.0;;72;10.0;22.8;4800.0;5.0;;72;17.0;21.7;4000.0;4.0;;72;34.0;21.9;4000.0;4.0;;72;27.0;22.3;4800.0;5.0;;18.875;21.5
73;16.0;20.6;4000.0;4.0;;73;14.0;23.1;4800.0;5.0;;73;17.0;20.3;3200.0;3.0;;73;35.0;19.2;2700.0;2.0;;73;24.0;22.8;4800.0;5.0;;73;22.0;21.7;4000.0;4.0;;73;25.0;22.0;4800.0;5.0;;73;22.0;22.3;4800.0;5.0;;21.875;21.5
74;11.0;20.5;4000.0;4.0;;74;22.0;23.1;5600.0;6.0;;74;15.0;20.2;3200.0;3.0;;74;12.0;19.1;3200.0;3.0;;74;38.0;23.0;5600.0;6.0;;74;25.0;21.7;4800.0;5.0;;74;27.0;22.1;4800.0;5.0;;74;9.0;22.1;4800.0;5.0;;19.875;21.475
75;26.0;20.6;4000.0;4.0;;75;36.0;23.2;5600.0;6.0;;75;16.0;20.2;4000.0;4.0;;75;21.0;19.1;3200.0;3.0;;75;21.0;23.0;5600.0;6.0;;75;22.0;21.7;4800.0;5.0;;75;10.0;21.9;4800.0;5.0;;75;13.0;22.0;4800.0;5.0;;20.625;21.4625
76;17.0;20.5;4000.0;4.0;;76;12.0;23.1;5600.0;6.0;;76;50.0;20.6;4000.0;4.0;;76;15.0;19.1;3200.0;3.0;;76;9.0;22.8;5600.0;6.0;;76;12.0;21.6;4800.0;5.0;;76;35.0;22.1;4800.0;5.0;;76;10.0;21.8;4800.0;5.0;;20.0;21.450000000000003
77;28.0;20.6;4000.0;4.0;;77;17.0;23.0;5600.0;6.0;;77;15.0;20.5;4000.0;4.0;;77;14.0;19.0;3200.0;3.0;;77;27.0;22.9;5600.0;6.0;;77;17.0;21.6;4800.0;5.0;;77;18.0;22.0;4800.0;5.0;;77;30.0;21.9;4800.0;5.0;;20.75;21.4375
78;17.0;20.6;4800.0;5.0;;78;14.0;22.9;5600.0;6.0;;78;19.0;20.5;4000.0;4.0;;78;27.0;19.1;3200.0;3.0;;78;18.0;22.8;5600.0;6.0;;78;36.0;21.7;4800.0;5.0;;78;28.0;22.1;5600.0;6.0;;78;17.0;21.9;5600.0;6.0;;22.0;21.45
79;9.0;20.4;4800.0;5.0;;79;31.0;23.0;6400.0;7.0;;79;23.0;20.5;4800.0;5.0;;79;23.0;19.1;4000.0;4.0;;79;14.0;22.7;5600.0;6.0;;79;26.0;21.8;5600.0;6.0;;79;15.0;22.0;5600.0;6.0;;79;12.0;21.7;5600.0;6.0;;19.125;21.4
80;12.0;20.3;4800.0;5.0;;80;17.0;22.9;6400.0;7.0;;80;14.0;20.4;4800.0;5.0;;80;11.0;19.0;4000.0;4.0;;80;13.0;22.6;6400.0;7.0;;80;10.0;21.6;5600.0;6.0;;80;12.0;21.9;5600.0;6.0;;80;9.0;21.6;5600.0;6.0;;12.25;21.2875
81;16.0;20.3;4800.0;5.0;;81;13.0;22.8;6400.0;7.0;;81;35.0;20.6;4800.0;5.0;;81;23.0;19.1;4000.0;4.0;;81;13.0;22.5;6400.0;7.0;;81;19.0;21.6;5600.0;6.0;;81;10.0;21.7;5600.0;6.0;;81;30.0;21.7;5600.0;6.0;;19.875;21.2875
82;10.0;20.1;4800.0;5.0;;82;10.0;22.6;6400.0;7.0;;82;20.0;20.6;4800.0;5.0;;82;15.0;19.0;4000.0;4.0;;82;29.0;22.5;6400.0;7.0;;82;36.0;21.8;5600.0;6.0;;82;13.0;21.6;5600.0;6.0;;82;16.0;21.6;5600.0;6.0;;18.625;21.225
83;18.0;20.1;4800.0;5.0;;83;11.0;22.5;6400.0;7.0;;83;17.0;20.6;5600.0;6.0;;83;38.0;19.3;4200.0;4.0;;83;22.0;22.5;6400.0;7.0;;83;17.0;21.7;6400.0;7.0;;83;32.0;21.7;6400.0;7.0;;83;19.0;21.6;5600.0;6.0;;21.75;21.25
84;12.0;20.0;4800.0;5.0;;84;11.0;22.4;6400.0;7.0;;84;23.0;20.6;5600.0;6.0;;84;25.0;19.3;4800.0;5.0;;84;23.0;22.5;6400.0;7.0;;84;19.0;21.7;6400.0;7.0;;84;22.0;21.8;6400.0;7.0;;84;15.0;21.5;6400.0;7.0;;18.75;21.225
85;18.0;20.0;4800.0;5.0;;85;17.0;22.3;6400.0;7.0;;85;14.0;20.5;5600.0;6.0;;85;67.0;19.9;4800.0;5.0;;85;25.0;22.6;7200.0;8.0;;85;83.0;22.4;7200.0;8.0;;85;20.0;21.7;6400.0;7.0;;85;9.0;21.4;6400.0;7.0;;31.625;21.35
86;13.0;19.9;5600.0;6.0;;86;14.0;22.2;7200.0;8.0;;86;18.0;20.5;5600.0;6.0;;86;20.0;19.9;5600.0;6.0;;86;8.0;22.4;7200.0;8.0;;86;26.0;22.5;7200.0;8.0;;86;28.0;21.8;6400.0;7.0;;86;12.0;21.3;6400.0;7.0;;17.375;21.3125
87;9.0;19.8;5600.0;6.0;;87;40.0;22.4;7200.0;8.0;;87;12.0;20.4;5600.0;6.0;;87;11.0;19.8;5600.0;6.0;;87;39.0;22.6;7200.0;8.0;;87;14.0;22.4;7200.0;8.0;;87;22.0;21.8;6400.0;7.0;;87;15.0;21.2;6400.0;7.0;;20.25;21.3
88;55.0;20.2;5600.0;6.0;;88;49.0;22.7;7200.0;8.0;;88;8.0;20.2;5600.0;6.0;;88;25.0;19.9;5600.0;6.0;;88;56.0;23.0;8000.0;9.0;;88;23.0;22.4;7200.0;8.0;;88;15.0;21.7;7200.0;8.0;;88;33.0;21.3;6400.0;7.0;;33.0;21.425
89;19.0;20.2;5600.0;6.0;;89;19.0;22.7;8000.0;9.0;;89;29.0;20.3;6400.0;7.0;;89;51.0;20.2;5600.0;6.0;;89;13.0;22.9;8000.0;9.0;;89;8.0;22.2;7200.0;8.0;;89;28.0;21.8;7200.0;8.0;;89;13.0;21.2;6400.0;7.0;;22.5;21.4375
90;17.0;20.1;6400.0;7.0;;90;36.0;22.8;8000.0;9.0;;90;13.0;20.3;6400.0;7.0;;90;14.0;20.1;6400.0;7.0;;90;20.0;22.8;8000.0;9.0;;90;15.0;22.1;7200.0;8.0;;90;10.0;21.7;7200.0;8.0;;90;19.0;21.2;7200.0;8.0;;18.0;21.3875
91;31.0;20.3;6400.0;7.0;;91;16.0;22.7;8000.0;9.0;;91;9.0;20.1;6400.0;7.0;;91;12.0;20.0;6400.0;7.0;;91;34.0;23.0;8000.0;9.0;;91;16.0;22.1;8000.0;9.0;;91;34.0;21.8;7200.0;8.0;;91;22.0;21.2;7200.0;8.0;;21.75;21.4
92;21.0;20.3;6400.0;7.0;;92;10.0;22.6;8000.0;9.0;;92;27.0;20.2;6400.0;7.0;;92;42.0;20.3;6400.0;7.0;;92;22.0;22.9;8800.0;10.0;;92;11.0;21.9;8000.0;9.0;;92;16.0;21.7;7200.0;8.0;;92;37.0;21.4;7200.0;8.0;;23.25;21.4125
93;16.0;20.2;6400.0;7.0;;93;24.0;22.6;8800.0;10.0;;93;17.0;20.2;6400.0;7.0;;93;15.0;20.2;6400.0;7.0;;93;9.0;22.8;8800.0;10.0;;93;17.0;21.9;8000.0;9.0;;93;13.0;21.6;8000.0;9.0;;93;8.0;21.2;7200.0;8.0;;14.875;21.3375
94;11.0;20.1;6400.0;7.0;;94;20.0;22.6;8800.0;10.0;;94;47.0;20.5;7200.0;8.0;;94;15.0;20.2;6400.0;7.0;;94;15.0;22.7;8800.0;10.0;;94;14.0;21.8;8000.0;9.0;;94;20.0;21.6;8000.0;9.0;;94;14.0;21.2;7200.0;8.0;;19.5;21.3375
95;17.0;20.1;7200.0;8.0;;95;13.0;22.5;8800.0;10.0;;95;32.0;20.6;7200.0;8.0;;95;33.0;20.3;7200.0;8.0;;95;17.0;22.7;8800.0;10.0;;95;16.0;21.7;8000.0;9.0;;95;13.0;21.5;8000.0;9.0;;95;39.0;21.3;8000.0;9.0;;22.5;21.3375
96;16.0;20.1;7200.0;8.0;;96;12.0;22.4;8800.0;10.0;;96;10.0;20.5;7200.0;8.0;;96;17.0;20.3;7200.0;8.0;;96;20.0;22.6;8800.0;10.0;;96;19.0;21.7;8000.0;9.0;;96;15.0;21.5;8000.0;9.0;;96;17.0;21.3;8000.0;9.0;;15.75;21.3
97;22.0;20.1;7200.0;8.0;;97;26.0;22.4;8800.0;10.0;;97;39.0;20.7;8000.0;9.0;;97;11.0;20.2;7200.0;8.0;;97;11.0;22.5;8800.0;10.0;;97;40.0;21.9;8800.0;10.0;;97;14.0;21.4;8000.0;9.0;;97;12.0;21.2;8000.0;9.0;;21.875;21.3
98;11.0;20.0;7200.0;8.0;;98;23.0;22.4;8800.0;10.0;;98;13.0;20.6;8000.0;9.0;;98;27.0;20.2;7200.0;8.0;;98;42.0;22.7;9600.0;11.0;;98;11.0;21.8;8800.0;10.0;;98;29.0;21.5;8800.0;10.0;;98;16.0;21.2;8000.0;9.0;;21.5;21.3
99;10.0;19.9;7200.0;8.0;;99;14.0;22.3;9600.0;11.0;;99;29.0;20.7;8000.0;9.0;;99;22.0;20.3;8000.0;9.0;;99;14.0;22.6;9600.0;11.0;;99;38.0;22.0;8800.0;10.0;;99;26.0;21.5;8800.0;10.0;;99;26.0;21.2;8000.0;9.0;;22.375;21.3125
100;11.0;19.8;7200.0;8.0;;100;13.0;22.2;9600.0;11.0;;100;25.0;20.7;8000.0;9.0;;100;11.0;20.2;8000.0;9.0;;100;39.0;22.8;9600.0;11.0;;100;19.0;21.9;8800.0;10.0;;100;11.0;21.4;8800.0;10.0;;100;15.0;21.1;8800.0;10.0;;18.0;21.2625
101;27.0;20.0;8000.0;9.0;;101;23.0;22.2;9600.0;11.0;;101;25.0;20.8;8000.0;9.0;;101;10.0;20.1;8000.0;9.0;;101;13.0;22.6;9600.0;11.0;;101;18.0;22.0;9600.0;11.0;;101;39.0;21.4;8800.0;10.0;;101;11.0;21.1;8800.0;10.0;;20.75;21.275
102;26.0;20.1;8000.0;9.0;;102;12.0;22.1;9600.0;11.0;;102;41.0;21.1;8800.0;10.0;;102;55.0;20.4;8000.0;9.0;;102;24.0;22.6;10400.0;12.0;;102;12.0;22.0;9600.0;11.0;;102;16.0;21.3;8800.0;10.0;;102;49.0;21.4;8800.0;10.0;;29.375;21.375
103;15.0;20.1;8000.0;9.0;;103;12.0;22.1;9600.0;11.0;;103;15.0;20.8;8800.0;10.0;;103;11.0;20.3;8000.0;9.0;;103;15.0;22.0;10400.0;12.0;;103;28.0;22.1;9600.0;11.0;;103;15.0;21.1;9600.0;11.0;;103;22.0;21.5;8800.0;10.0;;16.625;21.25
104;14.0;20.1;8000.0;9.0;;104;17.0;22.0;9600.0;11.0;;104;13.0;20.8;8800.0;10.0;;104;35.0;20.4;8800.0;10.0;;104;12.0;22.0;10400.0;12.0;;104;10.0;22.0;9600.0;11.0;;104;11.0;20.9;9600.0;11.0;;104;12.0;21.4;9600.0;11.0;;15.5;21.2
105;15.0;20.2;8000.0;9.0;;105;54.0;22.4;10400.0;12.0;;105;19.0;20.8;8800.0;10.0;;105;23.0;20.5;8800.0;10.0;;105;19.0;22.0;10400.0;12.0;;105;43.0;22.0;10400.0;12.0;;105;26.0;21.0;9600.0;11.0;;105;18.0;21.4;9600.0;11.0;;27.125;21.2875
106;22.0;20.2;8000.0;9.0;;106;11.0;22.3;10400.0;12.0;;106;9.0;20.8;8800.0;10.0;;106;16.0;20.6;8800.0;10.0;;106;16.0;22.0;10400.0;12.0;;106;26.0;22.2;10400.0;12.0;;106;16.0;20.9;9600.0;11.0;;106;12.0;21.3;9600.0;11.0;;16.0;21.2875
107;14.0;20.1;8800.0;10.0;;107;42.0;22.5;10400.0;12.0;;107;10.0;20.7;9600.0;11.0;;107;11.0;20.4;8800.0;10.0;;107;32.0;22.0;11192.0;13.0;;107;38.0;22.4;10400.0;12.0;;107;37.0;21.1;9600.0;11.0;;107;12.0;21.2;9600.0;11.0;;24.5;21.3
108;12.0;20.0;8800.0;10.0;;108;14.0;22.4;11192.0;13.0;;108;21.0;20.7;9600.0;11.0;;108;30.0;20.5;9600.0;11.0;;108;18.0;22.1;11192.0;13.0;;108;24.0;22.2;10400.0;12.0;;108;38.0;21.2;10400.0;12.0;;108;53.0;21.6;10400.0;12.0;;26.25;21.3375
109;25.0;20.1;8800.0;10.0;;109;13.0;22.3;11192.0;13.0;;109;16.0;20.7;9600.0;11.0;;109;13.0;20.2;9600.0;11.0;;109;36.0;22.2;11192.0;13.0;;109;13.0;22.2;11192.0;13.0;;109;12.0;21.2;10400.0;12.0;;109;14.0;21.4;10400.0;12.0;;17.75;21.2875
110;14.0;20.1;8800.0;10.0;;110;12.0;22.0;11192.0;13.0;;110;36.0;20.9;9600.0;11.0;;110;19.0;20.2;9600.0;11.0;;110;27.0;22.3;11192.0;13.0;;110;24.0;21.8;11192.0;13.0;;110;19.0;20.9;10400.0;12.0;;110;14.0;21.3;10400.0;12.0;;20.625;21.1875
111;26.0;20.2;8800.0;10.0;;111;12.0;22.0;11192.0;13.0;;111;20.0;21.0;9600.0;11.0;;111;12.0;20.1;9600.0;11.0;;111;15.0;22.3;11984.0;14.0;;111;11.0;21.8;11192.0;13.0;;111;12.0;20.7;10400.0;12.0;;111;9.0;21.1;10400.0;12.0;;14.625;21.15
112;15.0;20.2;9600.0;11.0;;112;11.0;22.0;11192.0;13.0;;112;30.0;21.1;10400.0;12.0;;112;15.0;20.0;9600.0;11.0;;112;32.0;22.4;11984.0;14.0;;112;40.0;22.0;11192.0;13.0;;112;24.0;20.6;11192.0;13.0;;112;12.0;20.9;10400.0;12.0;;22.375;21.15
113;16.0;20.1;9600.0;11.0;;113;64.0;22.4;11984.0;14.0;;113;64.0;21.6;10400.0;12.0;;113;15.0;20.1;9600.0;11.0;;113;33.0;22.6;11984.0;14.0;;113;31.0;22.2;11984.0;14.0;;113;10.0;20.6;11192.0;13.0;;113;19.0;20.9;10400.0;12.0;;31.5;21.3125
114;20.0;20.2;9600.0;11.0;;114;18.0;22.3;11984.0;14.0;;114;42.0;21.9;11192.0;13.0;;114;11.0;20.0;9600.0;11.0;;114;16.0;22.6;11984.0;14.0;;114;25.0;22.3;11984.0;14.0;;114;21.0;20.6;11192.0;13.0;;114;28.0;20.8;10400.0;12.0;;22.625;21.3375
115;11.0;20.1;9600.0;11.0;;115;15.0;22.2;11984.0;14.0;;115;12.0;21.8;11192.0;13.0;;115;11.0;19.9;10400.0;12.0;;115;16.0;22.6;12776.0;15.0;;115;59.0;22.5;11984.0;14.0;;115;35.0;20.7;11192.0;13.0;;115;22.0;20.9;11192.0;13.0;;22.625;21.3375
116;29.0;20.3;9600.0;11.0;;116;20.0;22.0;11984.0;14.0;;116;30.0;21.8;11192.0;13.0;;116;16.0;19.8;10400.0;12.0;;116;25.0;22.6;12776.0;15.0;;116;27.0;22.7;12776.0;15.0;;116;32.0;20.9;11984.0;14.0;;116;35.0;20.9;11192.0;13.0;;26.75;21.375
117;12.0;20.3;9600.0;11.0;;117;20.0;22.0;11984.0;14.0;;117;20.0;21.9;11192.0;13.0;;117;10.0;19.6;10400.0;12.0;;117;19.0;22.6;12776.0;15.0;;117;23.0;22.7;12776.0;15.0;;117;16.0;20.9;11984.0;14.0;;117;43.0;21.3;11192.0;13.0;;20.375;21.4125
118;10.0;20.3;10400.0;12.0;;118;10.0;22.0;12776.0;15.0;;118;11.0;21.8;11984.0;14.0;;118;30.0;19.8;10400.0;12.0;;118;19.0;22.6;12776.0;15.0;;118;15.0;22.7;12776.0;15.0;;118;17.0;20.6;11984.0;14.0;;118;17.0;21.2;11984.0;14.0;;16.125;21.375
119;17.0;20.2;10400.0;12.0;;119;12.0;21.8;12776.0;15.0;;119;18.0;21.9;11984.0;14.0;;119;47.0;20.2;11192.0;13.0;;119;19.0;22.7;12776.0;15.0;;119;17.0;22.7;12776.0;15.0;;119;15.0;20.7;11984.0;14.0;;119;18.0;21.1;11984.0;14.0;;20.375;21.4125
120;14.0;19.9;10400.0;12.0;;120;33.0;22.0;12776.0;15.0;;120;24.0;22.0;11984.0;14.0;;120;15.0;20.2;11192.0;13.0;;120;34.0;22.7;13568.0;16.0;;120;23.0;22.7;13568.0;16.0;;120;15.0;20.5;11984.0;14.0;;120;30.0;21.3;11984.0;14.0;;23.5;21.4125
121;15.0;19.8;10400.0;12.0;;121;13.0;22.0;12776.0;15.0;;121;20.0;22.0;11984.0;14.0;;121;26.0;20.1;11192.0;13.0;;121;17.0;22.7;13568.0;16.0;;121;12.0;22.7;13568.0;16.0;;121;24.0;20.6;11984.0;14.0;;121;68.0;21.9;12776.0;15.0;;24.375;21.475
122;17.0;19.8;10400.0;12.0;;122;21.0;22.0;12776.0;15.0;;122;44.0;22.3;12776.0;15.0;;122;14.0;20.0;11192.0;13.0;;122;14.0;22.7;13568.0;16.0;;122;12.0;22.7;13568.0;16.0;;122;12.0;20.6;12776.0;15.0;;122;14.0;21.7;12776.0;15.0;;18.5;21.475
123;14.0;19.6;10400.0;12.0;;123;18.0;21.9;13568.0;16.0;;123;13.0;22.2;12776.0;15.0;;123;17.0;20.1;11192.0;13.0;;123;15.0;22.6;13568.0;16.0;;123;11.0;22.4;13568.0;16.0;;123;23.0;20.5;12776.0;15.0;;123;12.0;21.6;12776.0;15.0;;15.375;21.3625
124;39.0;19.9;11192.0;13.0;;124;32.0;22.1;13568.0;16.0;;124;9.0;21.9;12776.0;15.0;;124;20.0;20.2;11192.0;13.0;;124;11.0;22.6;13568.0;16.0;;124;18.0;22.3;13568.0;16.0;;124;38.0;20.6;12776.0;15.0;;124;37.0;21.8;12776.0;15.0;;25.5;21.425
125;10.0;19.8;11192.0;13.0;;125;25.0;21.9;13568.0;16.0;;125;29.0;22.0;12776.0;15.0;;125;26.0;20.4;11984.0;14.0;;125;18.0;22.7;13568.0;16.0;;125;12.0;22.1;13568.0;16.0;;125;32.0;20.8;12776.0;15.0;;125;16.0;21.8;13568.0;16.0;;21.0;21.4375
126;16.0;19.8;11192.0;13.0;;126;9.0;21.8;13568.0;16.0;;126;10.0;21.9;12776.0;15.0;;126;16.0;20.4;11984.0;14.0;;126;14.0;22.4;14360.0;17.0;;126;29.0;22.2;13568.0;16.0;;126;21.0;20.9;13568.0;16.0;;126;29.0;21.9;13568.0;16.0;;18.0;21.412499999999998
127;15.0;19.8;11192.0;13.0;;127;18.0;21.8;13568.0;16.0;;127;12.0;21.7;12776.0;15.0;;127;15.0;20.2;11984.0;14.0;;127;14.0;22.2;14360.0;17.0;;127;31.0;22.3;14360.0;17.0;;127;15.0;20.8;13568.0;16.0;;127;28.0;22.1;13568.0;16.0;;18.5;21.3625
128;12.0;19.8;11192.0;13.0;;128;19.0;21.8;14360.0;17.0;;128;28.0;21.8;13568.0;16.0;;128;13.0;20.2;11984.0;14.0;;128;9.0;22.1;14360.0;17.0;;128;9.0;22.3;14360.0;17.0;;128;49.0;21.1;13568.0;16.0;;128;25.0;21.9;13568.0;16.0;;20.5;21.375
129;19.0;19.7;11192.0;13.0;;129;12.0;21.8;14360.0;17.0;;129;17.0;21.8;13568.0;16.0;;129;59.0;20.6;12776.0;15.0;;129;19.0;21.9;14360.0;17.0;;129;27.0;22.4;14360.0;17.0;;129;17.0;20.9;14360.0;17.0;;129;41.0;21.9;14360.0;17.0;;26.375;21.375
130;15.0;19.7;11984.0;14.0;;130;16.0;21.8;14360.0;17.0;;130;9.0;21.6;13568.0;16.0;;130;16.0;20.7;12776.0;15.0;;130;18.0;21.9;14360.0;17.0;;130;29.0;22.5;14360.0;17.0;;130;28.0;21.1;14360.0;17.0;;130;67.0;22.3;15152.0;18.0;;24.75;21.45
131;20.0;19.7;11984.0;14.0;;131;15.0;21.8;14360.0;17.0;;131;31.0;21.4;13568.0;16.0;;131;19.0;20.7;12776.0;15.0;;131;25.0;22.0;14360.0;17.0;;131;16.0;22.2;15152.0;18.0;;131;25.0;21.2;14360.0;17.0;;131;82.0;22.9;15152.0;18.0;;29.125;21.4875
132;27.0;19.8;11984.0;14.0;;132;10.0;21.6;14360.0;17.0;;132;28.0;21.6;14360.0;17.0;;132;16.0;20.7;12776.0;15.0;;132;24.0;22.1;15152.0;18.0;;132;19.0;22.2;15152.0;18.0;;132;31.0;21.3;14360.0;17.0;;132;53.0;23.2;15944.0;19.0;;26.0;21.5625
133;21.0;19.9;11984.0;14.0;;133;16.0;21.5;14360.0;17.0;;133;18.0;21.4;14360.0;17.0;;133;18.0;20.8;12776.0;15.0;;133;38.0;22.3;15152.0;18.0;;133;15.0;22.2;15152.0;18.0;;133;17.0;21.2;15152.0;18.0;;133;49.0;23.6;15944.0;19.0;;24.0;21.6125
134;20.0;19.5;11984.0;14.0;;134;17.0;21.4;14756.0;17.0;;134;12.0;21.2;14360.0;17.0;;134;40.0;20.9;13568.0;16.0;;134;9.0;22.2;15152.0;18.0;;134;12.0;21.9;15152.0;18.0;;134;17.0;21.3;15152.0;18.0;;134;32.0;23.8;16736.0;20.0;;19.875;21.525
135;16.0;19.5;12776.0;15.0;;135;17.0;21.3;15152.0;18.0;;135;15.0;21.1;14360.0;17.0;;135;14.0;20.8;13568.0;16.0;;135;27.0;22.3;15152.0;18.0;;135;26.0;21.9;15152.0;18.0;;135;18.0;21.3;15152.0;18.0;;135;57.0;24.1;16736.0;20.0;;23.75;21.5375
136;12.0;19.4;12776.0;15.0;;136;65.0;21.6;15152.0;18.0;;136;14.0;20.9;14360.0;17.0;;136;26.0;20.9;13568.0;16.0;;136;11.0;22.2;15944.0;19.0;;136;13.0;21.9;15152.0;18.0;;136;35.0;21.5;15152.0;18.0;;136;12.0;23.8;16736.0;20.0;;23.5;21.525
137;14.0;19.3;12776.0;15.0;;137;16.0;21.2;15152.0;18.0;;137;30.0;20.8;14360.0;17.0;;137;17.0;20.6;13568.0;16.0;;137;13.0;22.0;15944.0;19.0;;137;11.0;21.9;15944.0;19.0;;137;21.0;21.5;15152.0;18.0;;137;26.0;24.0;17528.0;21.0;;18.5;21.4125
138;17.0;19.3;12776.0;15.0;;138;12.0;21.2;15944.0;19.0;;138;11.0;20.8;15152.0;18.0;;138;25.0;20.7;14360.0;17.0;;138;47.0;22.3;15944.0;19.0;;138;17.0;21.8;15944.0;19.0;;138;18.0;21.5;15944.0;19.0;;138;48.0;24.3;17528.0;21.0;;24.375;21.4875
139;23.0;19.2;12776.0;15.0;;139;48.0;21.4;15944.0;19.0;;139;43.0;21.0;15152.0;18.0;;139;35.0;20.8;14360.0;17.0;;139;33.0;22.4;16736.0;20.0;;139;25.0;21.9;15944.0;19.0;;139;17.0;21.5;15944.0;19.0;;139;48.0;24.6;18320.0;22.0;;34.0;21.6
140;23.0;19.2;13568.0;16.0;;140;48.0;21.6;16736.0;20.0;;140;18.0;21.0;15152.0;18.0;;140;31.0;20.8;14360.0;17.0;;140;58.0;22.9;16736.0;20.0;;140;20.0;21.6;15944.0;19.0;;140;10.0;21.4;15944.0;19.0;;140;30.0;24.6;18320.0;22.0;;29.75;21.6375
141;52.0;19.4;13568.0;16.0;;141;21.0;21.1;16736.0;20.0;;141;20.0;21.0;15152.0;18.0;;141;19.0;20.9;15152.0;18.0;;141;11.0;22.7;16736.0;20.0;;141;48.0;21.8;16736.0;20.0;;141;46.0;21.6;15944.0;19.0;;141;23.0;24.7;18320.0;22.0;;30.0;21.65
142;14.0;19.5;13568.0;16.0;;142;28.0;21.3;16736.0;20.0;;142;27.0;21.2;15944.0;19.0;;142;17.0;20.9;15152.0;18.0;;142;9.0;22.7;16736.0;20.0;;142;31.0;21.9;16736.0;20.0;;142;26.0;21.7;16736.0;20.0;;142;23.0;24.7;18320.0;22.0;;21.875;21.7375
143;27.0;19.5;13568.0;16.0;;143;38.0;21.3;16736.0;20.0;;143;14.0;21.2;15944.0;19.0;;143;20.0;20.8;15152.0;18.0;;143;61.0;22.4;17528.0;21.0;;143;42.0;22.2;16736.0;20.0;;143;35.0;21.8;16736.0;20.0;;143;47.0;24.8;19112.0;23.0;;35.5;21.75
144;44.0;19.7;14360.0;17.0;;144;12.0;21.2;17528.0;21.0;;144;106.0;21.8;16736.0;20.0;;144;14.0;20.8;15152.0;18.0;;144;45.0;22.5;17528.0;21.0;;144;95.0;22.9;17528.0;21.0;;144;49.0;21.9;16736.0;20.0;;144;39.0;24.9;19112.0;23.0;;50.5;21.9625
145;11.0;19.7;14360.0;17.0;;145;40.0;21.4;17528.0;21.0;;145;28.0;21.7;16736.0;20.0;;145;22.0;20.8;15152.0;18.0;;145;23.0;22.5;18320.0;22.0;;145;58.0;23.2;18320.0;22.0;;145;130.0;23.1;18320.0;22.0;;145;35.0;25.2;19904.0;24.0;;43.375;22.2
146;13.0;19.5;14360.0;17.0;;146;77.0;21.6;18320.0;22.0;;146;59.0;22.1;17528.0;21.0;;146;35.0;21.0;15944.0;19.0;;146;24.0;22.2;18320.0;22.0;;146;50.0;23.5;18320.0;22.0;;146;48.0;23.3;18320.0;22.0;;146;44.0;25.4;19904.0;24.0;;43.75;22.325
147;17.0;19.4;14360.0;17.0;;147;66.0;22.1;18320.0;22.0;;147;20.0;22.1;17528.0;21.0;;147;22.0;21.0;15944.0;19.0;;147;43.0;22.4;18320.0;22.0;;147;33.0;23.7;19112.0;23.0;;147;19.0;23.4;18320.0;22.0;;147;39.0;25.5;19904.0;24.0;;32.375;22.45
148;16.0;19.4;14360.0;17.0;;148;50.0;22.4;19112.0;23.0;;148;36.0;22.3;17528.0;21.0;;148;36.0;21.2;15944.0;19.0;;148;37.0;22.4;19112.0;23.0;;148;16.0;23.7;19112.0;23.0;;148;22.0;23.5;19112.0;23.0;;148;41.0;25.7;20696.0;25.0;;31.75;22.575
149;36.0;19.6;15152.0;18.0;;149;16.0;22.3;19112.0;23.0;;149;119.0;23.3;18320.0;22.0;;149;19.0;21.2;15944.0;19.0;;149;37.0;22.6;19112.0;23.0;;149;65.0;24.3;19904.0;24.0;;149;18.0;23.2;19112.0;23.0;;149;20.0;25.6;20696.0;25.0;;41.25;22.7625
150;33.0;19.7;15152.0;18.0;;150;30.0;22.0;19112.0;23.0;;150;39.0;23.6;19112.0;23.0;;150;40.0;21.4;16736.0;20.0;;150;66.0;23.0;19904.0;24.0;;150;39.0;24.5;19904.0;24.0;;150;33.0;23.4;19112.0;23.0;;150;68.0;26.1;21488.0;26.0;;43.5;22.9625
151;19.0;19.3;15152.0;18.0;;151;15.0;22.0;19310.0;23.0;;151;68.0;24.1;19904.0;24.0;;151;25.0;21.5;16736.0;20.0;;151;18.0;23.0;19904.0;24.0;;151;15.0;24.4;19904.0;24.0;;151;67.0;23.9;19904.0;24.0;;151;30.0;26.3;21488.0;26.0;;32.125;23.0625
152;12.0;19.2;15152.0;18.0;;152;34.0;22.2;19904.0;24.0;;152;68.0;24.7;19904.0;24.0;;152;41.0;21.8;17528.0;21.0;;152;40.0;23.2;19904.0;24.0;;152;23.0;24.5;19904.0;24.0;;152;47.0;24.2;19904.0;24.0;;152;20.0;26.2;21488.0;26.0;;35.625;23.25
153;14.0;19.1;15944.0;19.0;;153;37.0;22.4;19904.0;24.0;;153;61.0;24.9;20696.0;25.0;;153;32.0;21.9;17528.0;21.0;;153;22.0;23.3;20102.0;24.0;;153;42.0;24.8;20696.0;25.0;;153;32.0;24.3;20696.0;25.0;;153;31.0;26.2;22280.0;27.0;;33.875;23.3625
154;15.0;19.2;15944.0;19.0;;154;53.0;22.8;20696.0;25.0;;154;30.0;24.9;20696.0;25.0;;154;11.0;21.8;17528.0;21.0;;154;46.0;23.6;20696.0;25.0;;154;48.0;25.1;20696.0;25.0;;154;25.0;24.4;20696.0;25.0;;154;41.0;26.4;22280.0;27.0;;33.625;23.525
155;25.0;18.7;15944.0;19.0;;155;184.0;24.5;22280.0;27.0;;155;51.0;25.3;21488.0;26.0;;155;76.0;22.3;18320.0;22.0;;155;81.0;24.2;21488.0;26.0;;155;44.0;25.2;21488.0;26.0;;155;20.0;24.4;20696.0;25.0;;155;97.0;27.1;23072.0;28.0;;72.25;23.9625
156;81.0;19.4;16736.0;20.0;;156;28.0;24.6;22280.0;27.0;;156;46.0;25.6;21488.0;26.0;;156;26.0;22.3;18320.0;22.0;;156;55.0;24.6;21488.0;26.0;;156;39.0;25.5;21488.0;26.0;;156;39.0;24.6;21488.0;26.0;;156;86.0;27.7;23864.0;29.0;;50.0;24.2875
157;62.0;19.6;16736.0;20.0;;157;88.0;25.4;23072.0;28.0;;157;20.0;25.6;21488.0;26.0;;157;33.0;22.5;18320.0;22.0;;157;61.0;24.8;22280.0;27.0;;157;46.0;25.6;22280.0;27.0;;157;40.0;24.8;21488.0;26.0;;157;144.0;29.0;24656.0;30.0;;61.75;24.6625
158;27.0;19.6;17528.0;21.0;;158;29.0;25.1;23072.0;28.0;;158;58.0;26.1;22280.0;27.0;;158;21.0;22.6;19112.0;23.0;;158;35.0;24.8;22280.0;27.0;;158;50.0;25.9;22280.0;27.0;;158;28.0;24.6;21488.0;26.0;;158;69.0;29.5;25448.0;31.0;;39.625;24.775000000000002
159;33.0;19.8;17528.0;21.0;;159;38.0;25.4;23072.0;28.0;;159;33.0;26.3;22280.0;27.0;;159;42.0;22.8;19112.0;23.0;;159;38.0;25.0;23072.0;28.0;;159;72.0;26.5;23072.0;28.0;;159;27.0;24.7;21488.0;26.0;;159;67.0;30.0;26240.0;32.0;;43.75;25.0625
160;33.0;20.0;17528.0;21.0;;160;51.0;25.6;23864.0;29.0;;160;46.0;26.4;23072.0;28.0;;160;39.0;23.0;19112.0;23.0;;160;28.0;24.9;23072.0;28.0;;160;34.0;26.3;23072.0;28.0;;160;16.0;24.7;22280.0;27.0;;160;42.0;30.1;26240.0;32.0;;36.125;25.125
161;40.0;20.2;18320.0;22.0;;161;23.0;25.6;23864.0;29.0;;161;20.0;26.5;23072.0;28.0;;161;15.0;23.0;19904.0;24.0;;161;25.0;25.0;23072.0;28.0;;161;51.0;26.7;23864.0;29.0;;161;22.0;24.5;22280.0;27.0;;161;116.0;31.1;27032.0;33.0;;39.0;25.325
162;32.0;20.2;18320.0;22.0;;162;11.0;25.5;23864.0;29.0;;162;63.0;26.9;23864.0;29.0;;162;74.0;23.6;19904.0;24.0;;162;31.0;25.2;23864.0;29.0;;162;41.0;26.9;23864.0;29.0;;162;80.0;25.1;23072.0;28.0;;162;12.0;31.1;27032.0;33.0;;43.0;25.5625
163;30.0;20.3;18320.0;22.0;;163;88.0;26.2;24656.0;30.0;;163;87.0;27.6;23864.0;29.0;;163;45.0;23.9;20696.0;25.0;;163;35.0;25.2;23864.0;29.0;;163;27.0;27.0;23864.0;29.0;;163;12.0;25.1;23072.0;28.0;;163;117.0;32.1;28616.0;35.0;;55.125;25.925
164;44.0;20.6;19112.0;23.0;;164;108.0;27.1;25448.0;31.0;;164;23.0;27.7;24656.0;30.0;;164;37.0;24.1;20696.0;25.0;;164;28.0;25.4;23864.0;29.0;;164;19.0;27.0;24656.0;30.0;;164;109.0;26.1;23864.0;29.0;;164;42.0;32.1;28616.0;35.0;;51.25;26.2625
165;19.0;20.6;19112.0;23.0;;165;87.0;27.8;26240.0;32.0;;165;25.0;27.7;24656.0;30.0;;165;59.0;24.5;21488.0;26.0;;165;18.0;25.4;23864.0;29.0;;165;47.0;27.2;24656.0;30.0;;165;61.0;26.6;24656.0;30.0;;165;78.0;32.7;29408.0;36.0;;49.25;26.5625
166;33.0;20.8;19112.0;23.0;;166;45.0;28.2;27032.0;33.0;;166;45.0;28.0;24656.0;30.0;;166;38.0;24.8;21488.0;26.0;;166;27.0;25.5;24656.0;30.0;;166;24.0;27.3;24656.0;30.0;;166;52.0;26.9;24656.0;30.0;;166;35.0;32.6;29408.0;36.0;;37.375;26.7625
167;87.0;21.5;19904.0;24.0;;167;65.0;28.6;27032.0;33.0;;167;78.0;28.6;25448.0;31.0;;167;75.0;25.4;22280.0;27.0;;167;63.0;25.8;24656.0;30.0;;167;95.0;28.1;25448.0;31.0;;167;26.0;26.9;24656.0;30.0;;167;24.0;32.7;29408.0;36.0;;64.125;27.2
168;22.0;21.6;20696.0;25.0;;168;28.0;28.8;27824.0;34.0;;168;95.0;29.5;26240.0;32.0;;168;33.0;25.5;22280.0;27.0;;168;35.0;26.0;25448.0;31.0;;168;96.0;28.7;26240.0;32.0;;168;86.0;27.7;25448.0;31.0;;168;33.0;32.8;30200.0;37.0;;53.5;27.575
169;22.0;21.6;20696.0;25.0;;169;96.0;29.6;28616.0;35.0;;169;45.0;29.8;27032.0;33.0;;169;18.0;25.6;22280.0;27.0;;169;54.0;26.4;25448.0;31.0;;169;62.0;29.0;27032.0;33.0;;169;21.0;27.8;25448.0;31.0;;169;43.0;33.1;30200.0;37.0;;45.125;27.8625
170;62.0;22.1;20696.0;25.0;;170;49.0;30.0;28616.0;35.0;;170;69.0;30.4;27032.0;33.0;;170;30.0;25.7;23072.0;28.0;;170;33.0;26.6;25448.0;31.0;;170;52.0;29.3;27032.0;33.0;;170;116.0;28.8;27032.0;33.0;;170;47.0;33.4;30984.0;38.0;;57.25;28.2875
171;29.0;22.2;21488.0;26.0;;171;40.0;30.2;28616.0;35.0;;171;44.0;30.6;27824.0;34.0;;171;64.0;26.2;23072.0;28.0;;171;44.0;26.9;26240.0;32.0;;171;44.0;29.7;27824.0;34.0;;171;56.0;29.0;27032.0;33.0;;171;66.0;33.8;30984.0;38.0;;48.375;28.575
172;37.0;22.5;21488.0;26.0;;172;95.0;31.0;29408.0;36.0;;172;132.0;31.7;28616.0;35.0;;172;15.0;26.1;23072.0;28.0;;172;15.0;27.0;26240.0;32.0;;172;20.0;29.7;27824.0;34.0;;172;90.0;29.5;27824.0;34.0;;172;18.0;33.7;31768.0;39.0;;52.75;28.9
173;37.0;22.7;21488.0;26.0;;173;78.0;31.6;30200.0;37.0;;173;90.0;32.4;29408.0;36.0;;173;32.0;26.1;23864.0;29.0;;173;93.0;27.7;27032.0;33.0;;173;14.0;29.6;27824.0;34.0;;173;100.0;30.3;28616.0;35.0;;173;53.0;34.0;31768.0;39.0;;62.125;29.3
174;96.0;23.6;22280.0;27.0;;174;85.0;32.2;30984.0;38.0;;174;50.0;32.8;29408.0;36.0;;174;18.0;26.2;23864.0;29.0;;174;70.0;28.0;27824.0;34.0;;174;42.0;29.8;28616.0;35.0;;174;78.0;30.8;29408.0;36.0;;174;70.0;34.6;32552.0;40.0;;63.625;29.75
175;39.0;23.7;23072.0;28.0;;175;78.0;32.6;31768.0;39.0;;175;102.0;33.6;30984.0;38.0;;175;15.0;26.1;23864.0;29.0;;175;88.0;28.6;28616.0;35.0;;175;37.0;29.9;28616.0;35.0;;175;67.0;31.4;30200.0;37.0;;175;12.0;34.6;32552.0;40.0;;54.75;30.0625
176;40.0;23.9;23072.0;28.0;;176;55.0;33.1;31768.0;39.0;;176;106.0;34.2;31768.0;39.0;;176;39.0;26.3;23864.0;29.0;;176;95.0;29.5;29408.0;36.0;;176;65.0;30.5;29408.0;36.0;;176;78.0;31.8;30200.0;37.0;;176;47.0;35.0;32552.0;40.0;;65.625;30.5375
177;77.0;24.4;23864.0;29.0;;177;12.0;33.0;32552.0;40.0;;177;71.0;34.7;31768.0;39.0;;177;51.0;26.7;24656.0;30.0;;177;54.0;29.8;29408.0;36.0;;177;38.0;30.7;29408.0;36.0;;177;132.0;32.9;31768.0;39.0;;177;86.0;35.5;33336.0;41.0;;65.125;30.9625
178;28.0;24.5;23864.0;29.0;;178;47.0;33.4;32552.0;40.0;;178;110.0;35.6;32552.0;40.0;;178;53.0;27.0;25448.0;31.0;;178;27.0;29.9;29408.0;36.0;;178;24.0;30.6;29408.0;36.0;;178;75.0;33.4;31768.0;39.0;;178;76.0;36.1;34120.0;42.0;;55.0;31.3125
179;71.0;25.1;24656.0;30.0;;179;48.0;33.5;33336.0;41.0;;179;76.0;36.2;33336.0;41.0;;179;37.0;27.1;25448.0;31.0;;179;70.0;30.4;30200.0;37.0;;179;115.0;31.4;30200.0;37.0;;179;38.0;33.6;32552.0;40.0;;179;63.0;36.6;34904.0;43.0;;64.75;31.7375
180;85.0;25.9;25448.0;31.0;;180;87.0;34.2;33336.0;41.0;;180;137.0;37.4;34904.0;43.0;;180;47.0;27.5;25448.0;31.0;;180;34.0;30.6;30200.0;37.0;;180;58.0;31.9;30984.0;38.0;;180;128.0;34.8;33336.0;41.0;;180;78.0;37.3;34904.0;43.0;;81.75;32.45
181;38.0;26.1;25448.0;31.0;;181;36.0;34.5;34120.0;42.0;;181;65.0;37.7;34904.0;43.0;;181;40.0;27.6;26240.0;32.0;;181;60.0;31.1;30984.0;38.0;;181;82.0;32.6;31768.0;39.0;;181;82.0;35.5;34120.0;42.0;;181;167.0;38.7;36472.0;45.0;;71.25;32.975
182;119.0;27.2;26240.0;32.0;;182;49.0;34.8;34120.0;42.0;;182;74.0;38.2;35688.0;44.0;;182;76.0;28.2;27032.0;33.0;;182;140.0;32.2;32552.0;40.0;;182;55.0;32.8;31768.0;39.0;;182;34.0;35.7;34120.0;42.0;;182;92.0;39.5;37256.0;46.0;;79.875;33.575
183;21.0;27.2;27032.0;33.0;;183;70.0;35.4;34904.0;43.0;;183;98.0;39.1;36472.0;45.0;;183;20.0;28.1;27032.0;33.0;;183;92.0;32.9;32552.0;40.0;;183;113.0;33.7;33336.0;41.0;;183;144.0;36.8;35688.0;44.0;;183;77.0;40.0;38040.0;47.0;;79.375;34.15
184;145.0;28.5;27824.0;34.0;;184;33.0;35.7;34904.0;43.0;;184;38.0;39.2;36472.0;45.0;;184;48.0;28.3;27032.0;33.0;;184;55.0;33.2;33336.0;41.0;;184;64.0;34.2;33336.0;41.0;;184;200.0;38.6;37256.0;46.0;;184;123.0;41.1;38824.0;48.0;;88.25;34.85
185;66.0;29.0;28616.0;35.0;;185;67.0;36.2;35688.0;44.0;;185;120.0;40.3;38040.0;47.0;;185;49.0;28.1;27824.0;34.0;;185;163.0;34.6;34904.0;43.0;;185;124.0;34.6;34120.0;42.0;;185;97.0;39.4;38040.0;47.0;;185;95.0;42.0;39608.0;49.0;;97.625;35.525
186;54.0;29.4;28616.0;35.0;;186;66.0;36.7;36472.0;45.0;;186;111.0;41.2;38824.0;48.0;;186;62.0;28.5;27824.0;34.0;;186;50.0;35.0;34904.0;43.0;;186;76.0;35.1;34904.0;43.0;;186;118.0;40.3;38824.0;48.0;;186;75.0;42.6;40392.0;50.0;;76.5;36.1
187;98.0;30.3;29408.0;36.0;;187;102.0;37.3;37256.0;46.0;;187;30.0;41.4;38824.0;48.0;;187;41.0;28.8;28616.0;35.0;;187;76.0;35.4;35688.0;44.0;;187;76.0;35.7;35688.0;44.0;;187;118.0;41.2;39608.0;49.0;;187;109.0;43.6;41176.0;51.0;;81.25;36.7125
188;123.0;31.0;30984.0;38.0;;188;74.0;37.6;37256.0;46.0;;188;92.0;42.2;39608.0;49.0;;188;35.0;28.9;28616.0;35.0;;188;79.0;35.6;36472.0;45.0;;188;62.0;36.1;36472.0;45.0;;188;15.0;41.2;39608.0;49.0;;188;99.0;44.2;41960.0;52.0;;72.375;37.1
189;118.0;32.0;31768.0;39.0;;189;123.0;38.6;38824.0;48.0;;189;149.0;43.4;41176.0;51.0;;189;44.0;28.9;29408.0;36.0;;189;42.0;35.9;36472.0;45.0;;189;176.0;37.8;37256.0;46.0;;189;77.0;41.7;40392.0;50.0;;189;162.0;45.7;43528.0;54.0;;111.375;38.0
190;57.0;32.4;31768.0;39.0;;190;101.0;39.2;39608.0;49.0;;190;142.0;44.7;41960.0;52.0;;190;87.0;29.6;29408.0;36.0;;190;62.0;36.4;37256.0;46.0;;190;117.0;38.8;38824.0;48.0;;190;54.0;42.2;41176.0;51.0;;190;200.0;47.5;45096.0;56.0;;102.5;38.85
191;28.0;32.4;32552.0;40.0;;191;111.0;40.2;40392.0;50.0;;191;69.0;45.3;42744.0;53.0;;191;49.0;30.0;30200.0;37.0;;191;99.0;37.0;38040.0;47.0;;191;53.0;39.2;38824.0;48.0;;191;103.0;42.9;41960.0;52.0;;191;147.0;48.8;45880.0;57.0;;82.375;39.475
192;37.0;32.5;32552.0;40.0;;192;58.0;40.7;40392.0;50.0;;192;200.0;47.0;44312.0;55.0;;192;81.0;30.4;30984.0;38.0;;192;115.0;37.9;38824.0;48.0;;192;36.0;39.4;39608.0;49.0;;192;59.0;43.3;41960.0;52.0;;192;108.0;49.5;46664.0;58.0;;86.75;40.0875
193;28.0;32.6;32552.0;40.0;;193;83.0;41.3;41176.0;51.0;;193;125.0;48.1;45096.0;56.0;;193;50.0;30.7;30984.0;38.0;;193;101.0;38.8;39608.0;49.0;;193;58.0;39.8;39608.0;49.0;;193;73.0;43.9;42744.0;53.0;;193;105.0;50.4;47448.0;59.0;;77.875;40.699999999999996
194;130.0;33.8;34120.0;42.0;;194;177.0;42.8;42744.0;53.0;;194;77.0;48.4;45880.0;57.0;;194;16.0;30.7;30984.0;38.0;;194;160.0;40.3;41176.0;51.0;;194;148.0;41.2;41176.0;51.0;;194;89.0;44.6;43528.0;54.0;;194;66.0;51.0;48232.0;60.0;;107.875;41.6
195;40.0;34.0;34120.0;42.0;;195;97.0;43.7;43528.0;54.0;;195;142.0;49.5;46664.0;58.0;;195;121.0;31.6;32552.0;40.0;;195;123.0;41.4;41960.0;52.0;;195;161.0;42.6;41960.0;52.0;;195;90.0;45.4;44312.0;55.0;;195;111.0;51.7;49016.0;61.0;;110.625;42.4875
196;88.0;34.8;34904.0;43.0;;196;196.0;45.5;45096.0;56.0;;196;140.0;50.8;48232.0;60.0;;196;76.0;32.2;32552.0;40.0;;196;128.0;42.4;42744.0;53.0;;196;132.0;43.7;43528.0;54.0;;196;104.0;46.2;45096.0;56.0;;196;117.0;52.7;49800.0;62.0;;122.625;43.5375
197;47.0;35.0;34904.0;43.0;;197;102.0;46.3;45880.0;57.0;;197;136.0;51.8;49016.0;61.0;;197;57.0;32.6;33336.0;41.0;;197;155.0;43.9;44312.0;55.0;;197;142.0;44.8;44312.0;55.0;;197;95.0;47.1;45880.0;57.0;;197;152.0;54.1;51352.0;64.0;;110.75;44.45
198;47.0;35.4;35688.0;44.0;;198;35.0;46.4;46664.0;58.0;;198;107.0;52.7;49800.0;62.0;;198;99.0;33.4;34120.0;42.0;;198;118.0;44.6;45096.0;56.0;;198;143.0;46.1;45880.0;57.0;;198;77.0;47.5;46664.0;58.0;;198;151.0;55.4;52904.0;66.0;;97.125;45.1875
199;49.0;35.8;35688.0;44.0;;199;94.0;47.2;46664.0;58.0;;199;64.0;53.1;50576.0;63.0;;199;63.0;33.8;34904.0;43.0;;199;45.0;45.0;45194.0;56.0;;199;135.0;47.0;46664.0;58.0;;199;80.0;48.1;47448.0;59.0;;199;159.0;56.8;53680.0;67.0;;86.125;45.85
200;99.0;36.6;36472.0;45.0;;200;95.0;48.0;47448.0;59.0;;200;89.0;53.7;51352.0;64.0;;200;141.0;35.1;35688.0;44.0;;200;154.0;46.1;46664.0;58.0;;200;107.0;47.9;47448.0;59.0;;200;91.0;48.9;47448.0;59.0;;200;152.0;58.1;55232.0;69.0;;116.0;46.8
201;70.0;37.1;37256.0;46.0;;201;158.0;49.4;49016.0;61.0;;201;100.0;54.5;52128.0;65.0;;201;73.0;35.7;36472.0;45.0;;201;150.0;47.5;48232.0;60.0;;201;143.0;49.2;48722.0;60.0;;201;100.0;49.5;49016.0;61.0;;201;155.0;59.6;56008.0;70.0;;118.625;47.8125
202;32.0;37.1;37256.0;46.0;;202;187.0;51.1;50576.0;63.0;;202;200.0;56.1;53680.0;67.0;;202;126.0;36.4;37256.0;46.0;;202;168.0;48.9;49016.0;61.0;;202;200.0;51.0;50576.0;63.0;;202;90.0;50.2;49016.0;61.0;;202;102.0;60.1;56784.0;71.0;;138.125;48.8625
203;101.0;38.0;38040.0;47.0;;203;120.0;52.2;51352.0;64.0;;203;76.0;56.7;54456.0;68.0;;203;88.0;37.2;38040.0;47.0;;203;72.0;49.5;49800.0;62.0;;203;125.0;52.0;51352.0;64.0;;203;102.0;51.1;49800.0;62.0;;203;134.0;61.2;58336.0;73.0;;102.25;49.737500000000004
204;54.0;38.4;38824.0;48.0;;204;172.0;53.7;52904.0;66.0;;204;130.0;57.8;55232.0;69.0;;204;161.0;38.4;39608.0;49.0;;204;81.0;50.2;50576.0;63.0;;204;115.0;53.1;52128.0;65.0;;204;115.0;52.1;51352.0;64.0;;204;134.0;62.4;59112.0;74.0;;120.25;50.7625
205;90.0;39.2;39608.0;49.0;;205;146.0;54.7;53777.0;67.0;;205;100.0;58.6;56008.0;70.0;;205;200.0;40.2;41176.0;51.0;;205;132.0;51.3;51352.0;64.0;;205;109.0;53.7;52904.0;66.0;;205;123.0;53.1;52128.0;65.0;;205;131.0;63.6;59888.0;75.0;;128.875;51.800000000000004
206;51.0;39.4;39608.0;49.0;;206;103.0;55.6;55232.0;69.0;;206;94.0;59.5;56784.0;71.0;;206;200.0;42.1;42744.0;53.0;;206;200.0;53.1;52904.0;66.0;;206;200.0;55.5;54456.0;68.0;;206;58.0;53.5;52904.0;66.0;;206;200.0;65.4;62216.0;78.0;;138.25;53.0125
207;142.0;40.7;41176.0;51.0;;207;200.0;57.2;56784.0;71.0;;207;120.0;60.6;57560.0;72.0;;207;102.0;43.0;43528.0;54.0;;207;200.0;54.8;54456.0;68.0;;207;150.0;56.6;56008.0;70.0;;207;131.0;54.5;53680.0;67.0;;207;188.0;67.2;62992.0;79.0;;154.125;54.325
208;142.0;42.0;41960.0;52.0;;208;128.0;58.3;57560.0;72.0;;208;107.0;61.5;58336.0;73.0;;208;98.0;43.6;44312.0;55.0;;208;150.0;56.1;56008.0;70.0;;208;155.0;57.9;56784.0;71.0;;208;101.0;55.1;54456.0;68.0;;208;172.0;68.4;64544.0;81.0;;131.625;55.3625
209;39.0;42.2;42744.0;53.0;;209;136.0;59.5;58336.0;73.0;;209;110.0;62.4;59112.0;74.0;;209;89.0;44.4;45096.0;56.0;;209;124.0;57.0;56784.0;71.0;;209;200.0;59.8;58336.0;73.0;;209;117.0;56.2;55232.0;69.0;;209;158.0;69.8;66096.0;83.0;;121.625;56.4125
210;71.0;42.7;42744.0;53.0;;210;132.0;60.7;59888.0;75.0;;210;104.0;63.1;60664.0;76.0;;210;73.0;45.0;45096.0;56.0;;210;145.0;58.2;58336.0;73.0;;210;153.0;61.1;59888.0;75.0;;210;152.0;57.5;56784.0;71.0;;210;146.0;71.2;66872.0;84.0;;122.0;57.4375
211;72.0;43.2;43528.0;54.0;;211;149.0;62.1;60664.0;76.0;;211;118.0;64.1;61440.0;77.0;;211;84.0;45.7;45880.0;57.0;;211;152.0;59.6;59112.0;74.0;;211;148.0;62.4;61440.0;77.0;;211;200.0;59.4;58336.0;73.0;;211;145.0;72.5;68424.0;86.0;;133.5;58.625
212;81.0;43.8;44312.0;55.0;;212;146.0;63.4;62216.0;78.0;;212;136.0;65.1;62216.0;78.0;;212;63.0;46.2;46664.0;58.0;;212;134.0;60.6;60664.0;76.0;;212;148.0;63.5;62216.0;78.0;;212;101.0;60.1;59112.0;74.0;;212;148.0;73.9;69200.0;87.0;;119.625;59.575
213;123.0;44.9;45096.0;56.0;;213;167.0;64.5;62992.0;79.0;;213;119.0;65.7;62992.0;79.0;;213;55.0;46.6;47448.0;59.0;;213;120.0;61.5;61440.0;77.0;;213;179.0;65.0;63768.0;80.0;;213;161.0;61.6;59888.0;75.0;;213;200.0;75.7;71504.0;90.0;;140.5;60.6875
214;83.0;45.6;45880.0;57.0;;214;140.0;65.7;64544.0;81.0;;214;109.0;66.3;64156.0;80.0;;214;78.0;47.2;47448.0;59.0;;214;127.0;62.6;62216.0;78.0;;214;167.0;66.4;65320.0;82.0;;214;123.0;62.7;61440.0;77.0;;214;176.0;77.2;72272.0;91.0;;125.375;61.712500000000006
215;101.0;46.4;46664.0;58.0;;215;147.0;67.0;65320.0;82.0;;215;110.0;67.3;65320.0;82.0;;215;107.0;48.2;48232.0;60.0;;215;143.0;63.8;63768.0;80.0;;215;133.0;67.2;66096.0;83.0;;215;116.0;63.5;62216.0;78.0;;215;185.0;78.8;73808.0;93.0;;130.25;62.775
216;177.0;47.9;48232.0;60.0;;216;151.0;68.3;66872.0;84.0;;216;116.0;68.2;66096.0;83.0;;216;118.0;49.2;49800.0;62.0;;216;129.0;64.9;64544.0;81.0;;216;200.0;68.9;67648.0;85.0;;216;146.0;64.6;62992.0;79.0;;216;200.0;80.4;75344.0;95.0;;154.625;64.05
217;153.0;49.3;49016.0;61.0;;217;149.0;69.6;68424.0;86.0;;217;131.0;69.3;66872.0;84.0;;217;49.0;49.6;49800.0;62.0;;217;173.0;66.4;66096.0;83.0;;217;200.0;70.6;69200.0;87.0;;217;148.0;65.9;64544.0;81.0;;217;184.0;81.9;76880.0;97.0;;148.375;65.325
218;117.0;50.4;50576.0;63.0;;218;143.0;71.0;69200.0;87.0;;218;133.0;70.5;68424.0;86.0;;218;106.0;50.4;50576.0;63.0;;218;200.0;68.2;67648.0;85.0;;218;144.0;71.9;70736.0;89.0;;218;136.0;67.1;65320.0;82.0;;218;150.0;83.2;78416.0;99.0;;141.125;66.5875
219;119.0;51.4;51352.0;64.0;;219;143.0;72.3;70352.0;88.0;;219;145.0;71.8;69200.0;87.0;;219;105.0;50.9;51352.0;64.0;;219;200.0;70.0;69200.0;87.0;;219;178.0;73.6;71504.0;90.0;;219;122.0;68.2;66872.0;84.0;;219;160.0;84.6;79184.0;100.0;;146.5;67.85
220;159.0;52.9;52904.0;66.0;;220;145.0;73.4;71504.0;90.0;;220;120.0;72.7;69968.0;88.0;;220;200.0;52.8;52904.0;66.0;;220;144.0;71.1;69968.0;88.0;;220;146.0;74.8;73040.0;92.0;;220;130.0;69.3;67648.0;85.0;;220;200.0;86.3;81488.0;103.0;;155.5;69.1625
221;130.0;54.0;53680.0;67.0;;221;185.0;75.1;73040.0;92.0;;221;124.0;73.8;71504.0;90.0;;221;99.0;53.5;53680.0;67.0;;221;146.0;72.4;71504.0;90.0;;221;178.0;76.4;74576.0;94.0;;221;149.0;70.6;68424.0;86.0;;221;160.0;87.2;82256.0;104.0;;146.375;70.375
222;150.0;55.4;54456.0;68.0;;222;174.0;76.6;74576.0;94.0;;222;147.0;74.8;72272.0;91.0;;222;112.0;54.5;55232.0;69.0;;222;143.0;73.7;72272.0;91.0;;222;146.0;77.8;75344.0;95.0;;222;139.0;71.9;69968.0;88.0;;222;158.0;88.7;83792.0;106.0;;146.125;71.675
223;100.0;56.2;55232.0;69.0;;223;192.0;78.4;76112.0;96.0;;223;144.0;76.1;73808.0;93.0;;223;114.0;55.5;56008.0;70.0;;223;169.0;75.3;73808.0;93.0;;223;147.0;79.1;76880.0;97.0;;223;138.0;73.0;70736.0;89.0;;223;152.0;90.1;84656.0;107.0;;144.5;72.9625
224;191.0;57.7;56784.0;71.0;;224;200.0;80.0;77648.0;98.0;;224;128.0;77.3;74576.0;94.0;;224;111.0;56.4;56784.0;71.0;;224;158.0;76.7;75344.0;95.0;;224;156.0;80.5;78416.0;99.0;;224;165.0;74.3;72272.0;91.0;;224;144.0;91.1;86096.0;109.0;;156.625;74.25
225;197.0;59.6;58336.0;73.0;;225;140.0;81.2;78416.0;99.0;;225;145.0;78.5;75344.0;95.0;;225;123.0;57.3;57560.0;72.0;;225;200.0;78.6;76880.0;97.0;;225;147.0;81.9;79184.0;100.0;;225;190.0;75.9;73808.0;93.0;;225;158.0;92.6;87632.0;111.0;;162.5;75.7
226;125.0;60.7;59888.0;75.0;;226;166.0;82.8;79952.0;101.0;;226;141.0;79.8;76880.0;97.0;;226;121.0;58.4;58336.0;73.0;;226;200.0;80.4;78416.0;99.0;;226;144.0;83.0;80720.0;102.0;;226;164.0;77.3;75344.0;95.0;;226;164.0;93.9;88400.0;112.0;;153.125;77.0375
227;169.0;62.2;61440.0;77.0;;227;161.0;84.2;81488.0;103.0;;227;151.0;81.2;77936.0;98.0;;227;136.0;59.6;59888.0;75.0;;227;143.0;81.7;79184.0;100.0;;227;165.0;84.4;81488.0;103.0;;227;132.0;78.5;76112.0;96.0;;227;148.0;95.1;89920.0;114.0;;150.625;78.3625
228;108.0;63.2;62216.0;78.0;;228;166.0;85.7;82256.0;104.0;;228;150.0;82.4;79184.0;100.0;;228;125.0;60.7;60664.0;76.0;;228;200.0;83.6;81488.0;103.0;;228;164.0;85.9;83024.0;105.0;;228;160.0;79.6;77648.0;98.0;;228;155.0;96.4;91440.0;116.0;;153.5;79.6875
229;167.0;64.7;62992.0;79.0;;229;200.0;87.6;83792.0;106.0;;229;140.0;83.6;80720.0;102.0;;229;136.0;61.5;61440.0;77.0;;229;149.0;84.9;82256.0;104.0;;229;200.0;87.6;84560.0;107.0;;229;159.0;81.0;78416.0;99.0;;229;158.0;97.6;92200.0;117.0;;163.625;81.0625
230;129.0;65.8;64544.0;81.0;;230;145.0;88.8;85328.0;108.0;;230;135.0;84.9;81488.0;103.0;;230;155.0;62.9;62992.0;79.0;;230;189.0;86.6;83792.0;106.0;;230;151.0;88.9;86096.0;109.0;;230;158.0;82.3;79952.0;101.0;;230;178.0;98.7;93720.0;119.0;;155.0;82.3625
231;116.0;66.8;65320.0;82.0;;231;148.0;90.2;86864.0;110.0;;231;148.0;86.0;82256.0;104.0;;231;141.0;64.1;64544.0;81.0;;231;181.0;88.2;85328.0;108.0;;231;167.0;90.4;86864.0;110.0;;231;144.0;83.5;81488.0;103.0;;231;150.0;99.4;95240.0;121.0;;149.375;83.575
232;142.0;67.9;66096.0;83.0;;232;170.0;91.8;87632.0;111.0;;232;138.0;87.2;83792.0;106.0;;232;166.0;65.6;65320.0;82.0;;232;167.0;89.6;86864.0;110.0;;232;167.0;91.8;88400.0;112.0;;232;200.0;85.2;83024.0;105.0;;232;185.0;100.7;96760.0;123.0;;166.875;84.975
233;120.0;68.9;67648.0;85.0;;233;160.0;93.2;89160.0;113.0;;233;133.0;88.3;84560.0;107.0;;233;165.0;67.1;66872.0;84.0;;233;200.0;91.2;88400.0;112.0;;233;160.0;93.3;89920.0;114.0;;233;181.0;86.8;84560.0;107.0;;233;178.0;102.0;97520.0;124.0;;162.125;86.35
234;141.0;70.1;68424.0;86.0;;234;200.0;95.0;90680.0;115.0;;234;136.0;89.5;86096.0;109.0;;234;180.0;68.5;68424.0;86.0;;234;154.0;92.7;89160.0;113.0;;234;196.0;95.1;91440.0;116.0;;234;178.0;88.4;85328.0;108.0;;234;171.0;103.4;99040.0;126.0;;169.5;87.8375
235;156.0;71.5;69968.0;88.0;;235;168.0;96.6;92200.0;117.0;;235;153.0;90.9;86864.0;110.0;;235;158.0;69.9;69200.0;87.0;;235;200.0;94.4;90680.0;115.0;;235;143.0;96.3;92200.0;117.0;;235;151.0;89.8;86864.0;110.0;;235;182.0;104.6;100560.0;128.0;;163.875;89.25
236;175.0;73.2;70736.0;89.0;;236;200.0;97.9;93720.0;119.0;;236;133.0;92.1;88400.0;112.0;;236;134.0;71.0;70736.0;89.0;;236;200.0;96.3;92960.0;118.0;;236;155.0;97.7;93720.0;119.0;;236;160.0;91.0;88400.0;112.0;;236;141.0;105.9;102080.0;130.0;;162.25;90.6375
237;163.0;74.6;72272.0;91.0;;237;200.0;99.7;95240.0;121.0;;237;128.0;93.1;89160.0;113.0;;237;118.0;72.0;71504.0;90.0;;237;188.0;98.0;94480.0;120.0;;237;190.0;99.5;95240.0;121.0;;237;163.0;92.4;89160.0;113.0;;237;160.0;107.2;102840.0;131.0;;163.75;92.0625
238;138.0;75.9;73808.0;93.0;;238;200.0;101.6;96760.0;123.0;;238;156.0;94.5;90680.0;115.0;;238;137.0;73.1;72272.0;91.0;;238;200.0;99.6;96000.0;122.0;;238;147.0;100.8;96760.0;123.0;;238;142.0;93.7;90680.0;115.0;;238;154.0;108.3;104360.0;133.0;;159.25;93.4375
239;161.0;77.2;74576.0;94.0;;239;189.0;103.0;98280.0;125.0;;239;155.0;95.7;91440.0;116.0;;239;151.0;74.3;73808.0;93.0;;239;200.0;101.2;97520.0;124.0;;239;158.0;102.2;97520.0;124.0;;239;138.0;94.9;91440.0;116.0;;239;154.0;109.4;105880.0;135.0;;163.25;94.7375
240;175.0;78.8;76112.0;96.0;;240;170.0;104.2;99800.0;127.0;;240;154.0;97.0;92960.0;118.0;;240;140.0;75.4;75344.0;95.0;;240;143.0;102.1;98280.0;125.0;;240;173.0;103.7;99040.0;126.0;;240;197.0;96.7;92960.0;118.0;;240;149.0;110.6;106640.0;136.0;;162.625;96.0625
241;168.0;79.9;77648.0;98.0;;241;163.0;105.7;101320.0;129.0;;241;145.0;98.3;93720.0;119.0;;241;156.0;76.7;76112.0;96.0;;241;153.0;103.5;99800.0;127.0;;241;200.0;105.2;100560.0;128.0;;241;175.0;98.0;94480.0;120.0;;241;155.0;111.9;108152.0;138.0;;164.375;97.4
242;177.0;81.6;79184.0;100.0;;242;200.0;107.4;102840.0;131.0;;242;182.0;99.8;95240.0;121.0;;242;126.0;77.8;76880.0;97.0;;242;200.0;105.4;101320.0;129.0;;242;183.0;106.7;102080.0;130.0;;242;144.0;99.2;96000.0;122.0;;242;146.0;113.1;108904.0;139.0;;169.75;98.875
243;144.0;82.7;79952.0;101.0;;243;157.0;108.6;103600.0;132.0;;243;176.0;101.4;96760.0;123.0;;243;144.0;79.1;78416.0;99.0;;243;195.0;106.8;102840.0;131.0;;243;200.0;108.3;103600.0;132.0;;243;147.0;100.3;96760.0;123.0;;243;163.0;114.3;110408.0;141.0;;165.75;100.1875
244;158.0;83.9;81488.0;103.0;;244;166.0;110.1;105120.0;134.0;;244;166.0;102.0;98280.0;125.0;;244;140.0;80.3;79184.0;100.0;;244;141.0;107.7;104360.0;133.0;;244;154.0;108.9;105120.0;134.0;;244;150.0;101.3;98280.0;125.0;;244;159.0;115.5;111912.0;143.0;;154.25;101.2125
245;171.0;85.5;83024.0;105.0;;245;156.0;111.3;106640.0;136.0;;245;185.0;103.6;99800.0;127.0;;245;148.0;81.6;80720.0;102.0;;245;173.0;109.2;105120.0;134.0;;245;194.0;110.2;106640.0;136.0;;245;165.0;101.7;99800.0;127.0;;245;156.0;116.7;112664.0;144.0;;168.5;102.475
246;172.0;87.0;83792.0;106.0;;246;168.0;112.2;108152.0;138.0;;246;152.0;104.5;101320.0;129.0;;246;134.0;82.6;81488.0;103.0;;246;178.0;110.8;106640.0;136.0;;246;183.0;111.6;108152.0;138.0;;246;133.0;102.5;100560.0;128.0;;246;195.0;118.2;114920.0;147.0;;164.375;103.675
247;137.0;88.2;85328.0;108.0;;247;128.0;112.8;108904.0;139.0;;247;175.0;106.1;102080.0;130.0;;247;132.0;83.7;83024.0;105.0;;247;184.0;112.2;108152.0;138.0;;247;139.0;112.6;108904.0;139.0;;247;152.0;103.9;102080.0;130.0;;247;151.0;119.3;115672.0;148.0;;149.75;104.85
248;156.0;89.6;86096.0;109.0;;248;153.0;113.8;110408.0;141.0;;248;160.0;107.3;103600.0;132.0;;248;126.0;84.6;83792.0;106.0;;248;157.0;113.4;109656.0;140.0;;248;145.0;113.9;110408.0;141.0;;248;157.0;105.2;102840.0;131.0;;248;200.0;120.9;117176.0;150.0;;156.75;106.0875
249;174.0;91.0;87632.0;111.0;;249;148.0;115.2;111160.0;142.0;;249;165.0;107.8;105120.0;134.0;;249;131.0;85.7;84560.0;107.0;;249;174.0;114.8;111160.0;142.0;;249;163.0;114.9;111912.0;143.0;;249;179.0;106.8;104360.0;133.0;;249;200.0;122.7;118680.0;152.0;;166.75;107.3625
250;147.0;92.2;89160.0;113.0;;250;142.0;116.3;112664.0;144.0;;250;142.0;108.8;105880.0;135.0;;250;147.0;86.8;86096.0;109.0;;250;168.0;115.8;112664.0;144.0;;250;155.0;116.1;112664.0;144.0;;250;158.0;108.1;105880.0;135.0;;250;200.0;124.0;120936.0;155.0;;157.375;108.5125
251;163.0;93.6;90680.0;115.0;;251;145.0;117.6;113416.0;145.0;;251;171.0;109.8;107400.0;137.0;;251;140.0;87.9;86864.0;110.0;;251;167.0;117.3;113416.0;145.0;;251;157.0;117.5;114168.0;146.0;;251;147.0;108.9;106640.0;136.0;;251;200.0;125.7;122440.0;157.0;;161.25;109.7875
252;188.0;95.4;92200.0;117.0;;252;198.0;119.2;114920.0;147.0;;252;200.0;111.2;108904.0;139.0;;252;152.0;89.0;88400.0;112.0;;252;142.0;118.3;114920.0;147.0;;252;171.0;119.0;115672.0;148.0;;252;172.0;110.1;108152.0;138.0;;252;151.0;127.0;123192.0;158.0;;171.75;111.15
253;164.0;96.9;92960.0;118.0;;253;150.0;120.4;116424.0;149.0;;253;199.0;112.6;110408.0;141.0;;253;147.0;90.2;89920.0;114.0;;253;200.0;120.1;116424.0;149.0;;253;200.0;120.6;117176.0;150.0;;253;161.0;111.4;109656.0;140.0;;253;176.0;128.5;124696.0;160.0;;174.625;112.5875
254;147.0;98.2;94480.0;120.0;;254;193.0;121.8;117928.0;151.0;;254;200.0;114.2;111912.0;143.0;;254;167.0;91.7;90680.0;115.0;;254;173.0;121.3;117928.0;151.0;;254;200.0;122.1;118680.0;152.0;;254;200.0;113.2;111160.0;142.0;;254;167.0;129.7;126200.0;162.0;;180.875;114.025
255;146.0;99.4;95240.0;121.0;;255;178.0;121.7;119432.0;153.0;;255;147.0;115.2;113416.0;145.0;;255;155.0;92.5;92200.0;117.0;;255;155.0;122.1;118680.0;152.0;;255;175.0;123.4;120184.0;154.0;;255;169.0;114.7;112664.0;144.0;;255;200.0;130.8;127688.0;164.0;;165.625;114.97500000000001
256;141.0;100.0;96760.0;123.0;;256;175.0;123.2;120936.0;155.0;;256;167.0;116.4;114920.0;147.0;;256;146.0;93.7;92960.0;118.0;;256;165.0;123.2;120184.0;154.0;;256;200.0;125.0;121688.0;156.0;;256;166.0;115.9;114168.0;146.0;;256;165.0;131.6;129176.0;166.0;;165.625;116.125
257;178.0;101.2;98280.0;125.0;;257;200.0;124.3;122440.0;157.0;;257;181.0;118.0;116424.0;149.0;;257;146.0;94.9;94480.0;120.0;;257;145.0;124.0;121688.0;156.0;;257;173.0;126.3;123192.0;158.0;;257;155.0;117.1;114920.0;147.0;;257;195.0;132.1;130664.0;168.0;;171.625;117.2375
258;129.0;102.2;99040.0;126.0;;258;200.0;126.0;123944.0;159.0;;258;163.0;119.1;117176.0;150.0;;258;134.0;96.0;95240.0;121.0;;258;162.0;125.3;122440.0;157.0;;258;199.0;127.8;124696.0;160.0;;258;142.0;118.2;116424.0;149.0;;258;200.0;133.4;132152.0;170.0;;166.125;118.5
259;132.0;103.2;99800.0;127.0;;259;186.0;127.5;125448.0;161.0;;259;195.0;120.7;119432.0;153.0;;259;129.0;96.9;96760.0;123.0;;259;158.0;126.5;123944.0;159.0;;259;200.0;129.0;126200.0;162.0;;259;155.0;119.5;117176.0;150.0;;259;181.0;134.5;133640.0;172.0;;167.0;119.725
260;131.0;104.2;101320.0;129.0;;260;196.0;128.9;126944.0;163.0;;260;151.0;121.8;120184.0;154.0;;260;135.0;97.8;97520.0;124.0;;260;165.0;127.8;125448.0;161.0;;260;170.0;130.4;127688.0;164.0;;260;180.0;121.1;118680.0;152.0;;260;200.0;136.1;135128.0;174.0;;166.0;121.0125
261;134.0;105.1;102080.0;130.0;;261;158.0;130.3;128432.0;165.0;;261;170.0;123.2;121688.0;156.0;;261;197.0;99.6;99040.0;126.0;;261;165.0;129.2;126944.0;163.0;;261;172.0;131.6;129176.0;166.0;;261;173.0;122.6;120184.0;154.0;;261;195.0;136.9;136616.0;176.0;;170.5;122.3125
262;153.0;106.3;103600.0;132.0;;262;200.0;132.2;129920.0;167.0;;262;149.0;124.1;123192.0;158.0;;262;149.0;100.4;100560.0;128.0;;262;153.0;130.5;127688.0;164.0;;262;166.0;132.8;129920.0;167.0;;262;174.0;123.6;121688.0;156.0;;262;200.0;138.8;138104.0;178.0;;168.0;123.5875
263;169.0;107.7;105120.0;134.0;;263;160.0;132.9;131408.0;169.0;;263;164.0;124.9;123944.0;159.0;;263;140.0;101.3;101320.0;129.0;;263;171.0;131.8;129176.0;166.0;;263;169.0;134.3;131408.0;169.0;;263;178.0;125.2;123192.0;158.0;;263;200.0;139.6;140336.0;181.0;;168.875;124.7125
264;163.0;108.9;105880.0;135.0;;264;175.0;133.6;132896.0;171.0;;264;160.0;126.2;125448.0;161.0;;264;153.0;102.5;102840.0;131.0;;264;200.0;133.6;130664.0;168.0;;264;170.0;135.8;132896.0;171.0;;264;200.0;126.2;124696.0;160.0;;264;198.0;141.2;141824.0;183.0;;177.375;126.0
265;141.0;110.1;107400.0;137.0;;265;200.0;134.7;134384.0;173.0;;265;175.0;127.8;126944.0;163.0;;265;146.0;103.4;103600.0;132.0;;265;200.0;135.4;132152.0;170.0;;265;178.0;137.1;134384.0;173.0;;265;162.0;127.2;126200.0;162.0;;265;183.0;142.2;143312.0;185.0;;173.125;127.2375
266;161.0;111.4;108904.0;139.0;;266;189.0;136.1;135872.0;175.0;;266;200.0;129.3;128432.0;165.0;;266;129.0;104.3;105120.0;134.0;;266;150.0;136.6;133640.0;172.0;;266;192.0;138.8;135872.0;175.0;;266;177.0;128.4;127688.0;164.0;;266;200.0;143.9;144800.0;187.0;;174.75;128.6
267;183.0;112.3;109656.0;140.0;;267;182.0;137.3;137360.0;177.0;;267;200.0;130.5;129920.0;167.0;;267;180.0;105.3;106640.0;136.0;;267;162.0;137.6;135128.0;174.0;;267;181.0;139.6;137360.0;177.0;;267;154.0;129.7;128432.0;165.0;;267;200.0;145.6;146272.0;189.0;;180.25;129.7375
268;164.0;113.8;111160.0;142.0;;268;200.0;139.0;138848.0;179.0;;268;200.0;131.6;131408.0;169.0;;268;163.0;106.6;107400.0;137.0;;268;150.0;138.7;135872.0;175.0;;268;200.0;140.7;138848.0;179.0;;268;146.0;130.3;129920.0;167.0;;268;200.0;147.3;147744.0;191.0;;177.875;131.0
269;164.0;115.2;112664.0;144.0;;269;178.0;139.8;140336.0;181.0;;269;165.0;132.8;132896.0;171.0;;269;149.0;107.9;108904.0;139.0;;269;183.0;140.0;137360.0;177.0;;269;200.0;142.0;140336.0;181.0;;269;173.0;131.8;131408.0;169.0;;269;200.0;148.9;149216.0;193.0;;176.5;132.3
270;181.0;116.4;114168.0;146.0;;270;200.0;141.3;141824.0;183.0;;270;171.0;133.8;134384.0;173.0;;270;156.0;109.2;110408.0;141.0;;270;181.0;141.5;138848.0;179.0;;270;200.0;143.5;141917.0;183.0;;270;200.0;132.7;132896.0;171.0;;270;200.0;150.4;151424.0;196.0;;186.125;133.6
271;200.0;118.1;115672.0;148.0;;271;200.0;142.9;143312.0;185.0;;271;169.0;135.0;135872.0;175.0;;271;160.0;110.2;111160.0;142.0;;271;200.0;143.1;140336.0;181.0;;271;200.0;145.1;144056.0;186.0;;271;143.0;133.5;133640.0;172.0;;271;200.0;151.7;152896.0;198.0;;184.0;134.95
272;184.0;119.6;117176.0;150.0;;272;200.0;144.0;144800.0;187.0;;272;173.0;135.4;137360.0;177.0;;272;197.0;112.0;112664.0;144.0;;272;186.0;144.8;141824.0;183.0;;272;200.0;146.9;145536.0;188.0;;272;200.0;134.6;135872.0;175.0;;272;181.0;153.4;154368.0;200.0;;190.125;136.3375
273;151.0;120.7;118680.0;152.0;;273;200.0;145.2;146272.0;189.0;;273;181.0;136.4;138848.0;179.0;;273;189.0;113.6;114168.0;146.0;;273;200.0;145.8;144056.0;186.0;;273;200.0;148.8;147008.0;190.0;;273;188.0;135.5;137360.0;177.0;;273;176.0;154.6;155840.0;202.0;;185.625;137.575
274;138.0;121.1;119432.0;153.0;;274;200.0;146.4;148480.0;192.0;;274;165.0;137.5;139592.0;180.0;;274;151.0;114.9;115672.0;148.0;;274;177.0;146.9;145536.0;188.0;;274;200.0;150.3;148480.0;192.0;;274;200.0;136.7;138848.0;179.0;;274;200.0;155.9;157312.0;204.0;;178.875;138.7125
275;132.0;122.0;120184.0;154.0;;275;171.0;147.3;149216.0;193.0;;275;188.0;138.4;141080.0;182.0;;275;199.0;116.7;117176.0;150.0;;275;200.0;148.0;147008.0;190.0;;275;200.0;152.0;149952.0;194.0;;275;200.0;138.1;140336.0;181.0;;275;200.0;157.8;158784.0;206.0;;186.25;140.0375
276;173.0;123.4;121688.0;156.0;;276;200.0;148.7;151424.0;196.0;;276;199.0;139.3;142661.0;184.0;;276;181.0;118.1;118680.0;152.0;;276;200.0;149.1;148480.0;192.0;;276;200.0;153.3;151424.0;196.0;;276;170.0;139.0;141824.0;183.0;;276;168.0;159.0;160256.0;208.0;;186.375;141.2375
277;197.0;124.6;123192.0;158.0;;277;193.0;150.6;152896.0;198.0;;277;154.0;140.1;144056.0;186.0;;277;191.0;119.5;120184.0;154.0;;277;188.0;150.4;149952.0;194.0;;277;200.0;154.9;153632.0;199.0;;277;192.0;139.6;143312.0;185.0;;277;200.0;160.1;161728.0;210.0;;189.375;142.475
278;200.0;126.3;125448.0;161.0;;278;200.0;152.1;154368.0;200.0;;278;186.0;140.9;145536.0;188.0;;278;200.0;121.0;121688.0;156.0;;278;200.0;152.2;151424.0;196.0;;278;200.0;156.7;155104.0;201.0;;278;153.0;140.4;144056.0;186.0;;278;196.0;161.3;163200.0;212.0;;191.875;143.8625
279;200.0;127.6;126944.0;163.0;;279;200.0;153.6;155840.0;202.0;;279;193.0;142.1;147008.0;190.0;;279;181.0;122.4;123192.0;158.0;;279;160.0;153.1;152896.0;198.0;;279;200.0;157.5;156576.0;203.0;;279;180.0;141.8;145536.0;188.0;;279;200.0;162.7;164656.0;214.0;;189.25;145.1
280;189.0;128.6;128432.0;165.0;;280;200.0;154.7;157312.0;204.0;;280;200.0;142.7;148480.0;192.0;;280;200.0;124.0;124696.0;160.0;;280;200.0;154.7;154368.0;200.0;;280;191.0;158.9;158048.0;205.0;;280;200.0;142.5;147744.0;191.0;;280;200.0;163.9;166112.0;216.0;;197.5;146.25
281;200.0;130.2;129920.0;167.0;;281;200.0;156.4;158784.0;206.0;;281;200.0;144.0;150688.0;195.0;;281;180.0;125.4;126200.0;162.0;;281;200.0;156.1;155840.0;202.0;;281;200.0;160.0;159520.0;207.0;;281;200.0;143.7;149216.0;193.0;;281;200.0;164.2;168296.0;219.0;;197.5;147.5
282;200.0;131.0;131408.0;169.0;;282;200.0;157.9;160992.0;209.0;;282;200.0;145.3;152160.0;197.0;;282;138.0;126.0;127688.0;164.0;;282;200.0;156.7;157312.0;204.0;;282;200.0;161.5;160992.0;209.0;;282;200.0;145.3;150688.0;195.0;;282;197.0;165.3;169752.0;221.0;;191.875;148.625
283;170.0;132.5;132896.0;171.0;;283;200.0;159.2;162464.0;211.0;;283;200.0;146.3;153632.0;199.0;;283;147.0;127.3;128432.0;165.0;;283;200.0;157.8;159520.0;207.0;;283;200.0;162.4;163200.0;212.0;;283;195.0;145.8;152160.0;197.0;;283;200.0;166.5;171208.0;223.0;;189.0;149.725
284;157.0;132.7;134384.0;173.0;;284;200.0;160.8;163928.0;213.0;;284;200.0;147.9;155104.0;201.0;;284;179.0;128.6;129920.0;167.0;;284;200.0;159.2;160992.0;209.0;;284;200.0;163.7;164656.0;214.0;;284;200.0;145.8;153632.0;199.0;;284;200.0;167.3;172664.0;225.0;;192.0;150.75
285;200.0;134.0;135872.0;175.0;;285;200.0;162.2;165384.0;215.0;;285;198.0;148.7;156576.0;203.0;;285;162.0;129.7;131408.0;169.0;;285;200.0;159.6;162464.0;211.0;;285;200.0;164.5;166112.0;216.0;;285;200.0;146.9;155104.0;201.0;;285;200.0;168.3;174120.0;227.0;;195.0;151.7375
286;159.0;135.0;136616.0;176.0;;286;200.0;163.5;166840.0;217.0;;286;200.0;149.6;158048.0;205.0;;286;152.0;130.6;132896.0;171.0;;286;178.0;160.9;163928.0;213.0;;286;182.0;165.6;167568.0;218.0;;286;200.0;147.7;157312.0;204.0;;286;200.0;169.6;176304.0;230.0;;183.875;152.8125
287;162.0;135.7;138104.0;178.0;;287;195.0;164.4;168296.0;219.0;;287;200.0;151.3;160256.0;208.0;;287;153.0;131.7;133640.0;172.0;;287;184.0;162.0;165384.0;215.0;;287;200.0;166.8;169024.0;220.0;;287;200.0;148.5;158784.0;206.0;;287;200.0;170.5;177760.0;232.0;;186.75;153.8625
288;200.0;136.5;139592.0;180.0;;288;200.0;165.7;170480.0;222.0;;288;200.0;152.4;161728.0;210.0;;288;200.0;133.4;135128.0;174.0;;288;200.0;163.2;166840.0;217.0;;288;200.0;168.2;170480.0;222.0;;288;200.0;150.4;160256.0;208.0;;288;200.0;171.5;179216.0;234.0;;200.0;155.1625
289;200.0;137.3;141080.0;182.0;;289;200.0;166.5;171936.0;224.0;;289;189.0;152.8;163200.0;212.0;;289;188.0;134.8;136616.0;176.0;;289;200.0;164.8;168296.0;219.0;;289;200.0;168.4;172664.0;225.0;;289;200.0;151.6;161728.0;210.0;;289;200.0;171.9;180672.0;236.0;;197.125;156.01250000000002
290;174.0;138.4;142568.0;184.0;;290;200.0;167.5;173392.0;226.0;;290;200.0;153.4;164656.0;214.0;;290;175.0;135.7;138104.0;178.0;;290;200.0;166.2;169752.0;221.0;;290;200.0;169.2;174120.0;227.0;;290;200.0;153.1;163200.0;212.0;;290;200.0;171.9;182120.0;238.0;;193.625;156.925
291;200.0;140.2;144056.0;186.0;;291;200.0;168.4;174848.0;228.0;;291;174.0;154.4;166112.0;216.0;;291;161.0;136.8;139592.0;180.0;;291;200.0;167.2;171936.0;224.0;;291;200.0;170.7;175576.0;229.0;;291;200.0;154.0;164747.0;214.0;;291;200.0;172.4;184280.0;241.0;;191.875;158.0125
292;170.0;141.5;145536.0;188.0;;292;200.0;169.8;176304.0;230.0;;292;187.0;154.3;167568.0;218.0;;292;180.0;137.8;141080.0;182.0;;292;200.0;168.0;173392.0;226.0;;292;200.0;172.4;177032.0;231.0;;292;172.0;155.2;166112.0;216.0;;292;200.0;173.3;185720.0;243.0;;188.625;159.0375
293;200.0;143.2;147008.0;190.0;;293;200.0;171.0;178488.0;233.0;;293;178.0;154.8;169024.0;220.0;;293;144.0;138.8;142568.0;184.0;;293;200.0;169.0;174848.0;228.0;;293;200.0;173.8;178488.0;233.0;;293;198.0;156.4;168296.0;219.0;;293;200.0;174.3;187160.0;245.0;;190.0;160.1625
294;200.0;143.9;149216.0;193.0;;294;200.0;171.2;179944.0;235.0;;294;200.0;156.0;170480.0;222.0;;294;198.0;140.6;144056.0;186.0;;294;200.0;169.4;176304.0;230.0;;294;200.0;174.3;180672.0;236.0;;294;200.0;157.5;169752.0;221.0;;294;200.0;175.6;188600.0;247.0;;199.75;161.0625
295;184.0;145.4;150688.0;195.0;;295;200.0;172.2;181400.0;237.0;;295;200.0;156.6;171936.0;224.0;;295;200.0;141.4;145536.0;188.0;;295;200.0;170.2;177760.0;232.0;;295;200.0;174.7;182120.0;238.0;;295;197.0;158.6;171208.0;223.0;;295;200.0;176.5;190760.0;250.0;;197.625;161.95
296;186.0;146.3;152160.0;197.0;;296;200.0;172.2;182840.0;239.0;;296;200.0;157.2;174120.0;227.0;;296;165.0;142.2;147008.0;190.0;;296;200.0;170.9;179944.0;235.0;;296;200.0;175.4;183560.0;240.0;;296;200.0;159.6;172664.0;225.0;;296;200.0;177.4;192200.0;252.0;;193.875;162.65
297;200.0;147.9;153632.0;199.0;;297;167.0;172.9;184280.0;241.0;;297;200.0;157.9;175576.0;229.0;;297;198.0;143.7;148480.0;192.0;;297;200.0;171.3;181400.0;237.0;;297;200.0;175.9;185000.0;242.0;;297;200.0;160.6;174120.0;227.0;;297;200.0;177.8;193640.0;254.0;;195.625;163.5
298;187.0;149.3;155104.0;201.0;;298;200.0;174.6;185720.0;243.0;;298;162.0;158.4;177032.0;231.0;;298;200.0;144.7;149952.0;194.0;;298;186.0;172.0;182840.0;239.0;;298;200.0;176.5;186440.0;244.0;;298;200.0;161.8;176304.0;230.0;;298;200.0;178.3;195080.0;256.0;;191.875;164.45
299;200.0;150.8;156576.0;203.0;;299;200.0;175.6;187880.0;246.0;;299;200.0;159.8;178488.0;233.0;;299;200.0;146.0;151424.0;196.0;;299;200.0;173.6;184280.0;241.0;;299;200.0;177.2;188600.0;247.0;;299;200.0;163.0;177760.0;232.0;;299;200.0;178.7;196520.0;258.0;;200.0;165.5875
300;177.0;151.6;158048.0;205.0;;300;200.0;176.7;189320.0;248.0;;300;200.0;160.9;179944.0;235.0;;300;200.0;146.6;152896.0;198.0;;300;200.0;174.0;185720.0;243.0;;300;200.0;178.1;190040.0;249.0;;300;200.0;164.1;179216.0;234.0;;300;200.0;179.2;198680.0;261.0;;197.125;166.4
301;189.0;152.8;159520.0;207.0;;301;190.0;177.0;190760.0;250.0;;301;200.0;161.9;181400.0;237.0;;301;181.0;147.7;154368.0;200.0;;301;200.0;174.5;187880.0;246.0;;301;200.0;178.7;191480.0;251.0;;301;200.0;165.1;180672.0;236.0;;301;200.0;179.7;200112.0;263.0;;195.0;167.175
302;200.0;154.4;160992.0;209.0;;302;200.0;177.1;192200.0;252.0;;302;200.0;161.9;182840.0;239.0;;302;172.0;148.2;155840.0;202.0;;302;200.0;174.8;189320.0;248.0;;302;200.0;178.7;192920.0;253.0;;302;200.0;166.2;182120.0;238.0;;302;200.0;180.6;201536.0;265.0;;196.5;167.7375
303;200.0;155.4;162464.0;211.0;;303;200.0;177.9;193640.0;254.0;;303;200.0;163.1;185000.0;242.0;;303;200.0;149.3;157312.0;204.0;;303;200.0;176.1;190760.0;250.0;;303;200.0;179.4;195080.0;256.0;;303;200.0;167.2;184280.0;241.0;;303;200.0;181.3;202960.0;267.0;;200.0;168.7125
304;180.0;156.7;163928.0;213.0;;304;200.0;178.2;195800.0;257.0;;304;200.0;163.8;186440.0;244.0;;304;200.0;149.7;158784.0;206.0;;304;200.0;177.3;192200.0;252.0;;304;200.0;180.3;196520.0;258.0;;304;200.0;168.0;185720.0;243.0;;304;200.0;182.0;205096.0;270.0;;197.5;169.5
305;200.0;157.8;166112.0;216.0;;305;200.0;178.7;197240.0;259.0;;305;200.0;164.8;187880.0;246.0;;305;200.0;149.7;160992.0;209.0;;305;190.0;177.9;193640.0;254.0;;305;200.0;181.2;197960.0;260.0;;305;200.0;168.8;187160.0;245.0;;305;200.0;182.6;206520.0;272.0;;198.75;170.1875
306;200.0;159.3;167568.0;218.0;;306;198.0;179.7;198680.0;261.0;;306;170.0;165.6;189320.0;248.0;;306;200.0;149.7;162464.0;211.0;;306;200.0;177.9;195800.0;257.0;;306;200.0;181.2;199400.0;262.0;;306;200.0;170.2;188600.0;247.0;;306;200.0;182.6;207944.0;274.0;;196.0;170.775
307;200.0;159.8;169024.0;220.0;;307;200.0;179.7;200112.0;263.0;;307;177.0;166.2;190760.0;250.0;;307;200.0;150.7;163928.0;213.0;;307;200.0;177.9;197240.0;259.0;;307;200.0;181.7;201536.0;265.0;;307;171.0;170.6;190040.0;249.0;;307;200.0;182.8;209368.0;276.0;;193.5;171.175
308;200.0;160.4;170480.0;222.0;;308;200.0;180.4;201536.0;265.0;;308;200.0;167.1;192200.0;252.0;;308;200.0;151.7;165384.0;215.0;;308;200.0;178.4;198680.0;261.0;;308;200.0;182.1;202960.0;267.0;;308;200.0;171.6;191480.0;251.0;;308;200.0;183.0;211504.0;279.0;;200.0;171.8375
309;173.0;161.8;171936.0;224.0;;309;200.0;181.0;203672.0;268.0;;309;200.0;168.0;193640.0;254.0;;309;191.0;152.7;166840.0;217.0;;309;200.0;179.2;200112.0;263.0;;309;200.0;182.1;204384.0;269.0;;309;200.0;172.5;193640.0;254.0;;309;200.0;183.5;212928.0;281.0;;195.5;172.6
310;200.0;163.1;173392.0;226.0;;310;193.0;181.6;205096.0;270.0;;310;200.0;169.0;195800.0;257.0;;310;176.0;153.7;168296.0;219.0;;310;200.0;179.7;201536.0;265.0;;310;200.0;182.6;205808.0;271.0;;310;200.0;172.9;195080.0;256.0;;310;200.0;184.0;214352.0;283.0;;196.125;173.325
311;200.0;164.3;174848.0;228.0;;311;200.0;182.2;206520.0;272.0;;311;200.0;169.8;197240.0;259.0;;311;175.0;154.6;169752.0;221.0;;311;200.0;180.2;203672.0;268.0;;311;200.0;183.1;207232.0;273.0;;311;200.0;172.9;196520.0;258.0;;311;200.0;184.6;215776.0;285.0;;196.875;173.9625
312;200.0;165.5;177032.0;231.0;;312;200.0;182.7;207944.0;274.0;;312;200.0;170.4;198680.0;261.0;;312;200.0;156.0;171208.0;223.0;;312;186.0;180.7;205096.0;270.0;;312;200.0;183.6;209368.0;276.0;;312;200.0;173.9;197960.0;260.0;;312;183.0;184.9;217200.0;287.0;;196.125;174.7125
313;199.0;166.3;178488.0;233.0;;313;200.0;183.0;210080.0;277.0;;313;200.0;171.2;200112.0;263.0;;313;200.0;157.5;173392.0;226.0;;313;200.0;181.5;206520.0;272.0;;313;200.0;183.8;210792.0;278.0;;313;200.0;174.3;199400.0;262.0;;313;200.0;184.9;219312.0;290.0;;199.875;175.3125
314;200.0;167.5;179944.0;235.0;;314;200.0;183.6;211504.0;279.0;;314;200.0;172.1;201536.0;265.0;;314;200.0;158.7;174848.0;228.0;;314;200.0;182.2;207944.0;274.0;;314;200.0;184.2;212216.0;280.0;;314;200.0;175.1;201536.0;265.0;;314;200.0;185.2;220720.0;292.0;;200.0;176.075
315;200.0;168.4;181400.0;237.0;;315;200.0;184.2;212928.0;281.0;;315;200.0;173.0;203672.0;268.0;;315;200.0;159.6;176304.0;230.0;;315;200.0;182.8;210080.0;277.0;;315;200.0;184.8;213640.0;282.0;;315;200.0;175.9;202960.0;267.0;;315;200.0;185.3;222128.0;294.0;;200.0;176.75
316;200.0;168.7;182840.0;239.0;;316;200.0;184.6;214352.0;283.0;;316;200.0;173.9;205096.0;270.0;;316;200.0;160.4;177760.0;232.0;;316;200.0;183.5;211504.0;279.0;;316;200.0;184.8;215776.0;285.0;;316;200.0;176.5;204384.0;269.0;;316;200.0;185.3;223536.0;296.0;;200.0;177.2125
317;200.0;169.2;185000.0;242.0;;317;183.0;185.0;215776.0;285.0;;317;200.0;174.6;206520.0;272.0;;317;194.0;161.9;179216.0;234.0;;317;200.0;183.8;212928.0;281.0;;317;200.0;184.8;217200.0;287.0;;317;200.0;177.0;205808.0;271.0;;317;179.0;185.2;225648.0;299.0;;194.5;177.6875
318;200.0;170.0;186440.0;244.0;;318;200.0;185.6;217904.0;288.0;;318;200.0;175.2;208389.0;274.0;;318;184.0;162.7;180672.0;236.0;;318;179.0;183.6;214352.0;283.0;;318;200.0;185.4;218608.0;289.0;;318;200.0;177.6;207944.0;274.0;;318;200.0;185.8;227056.0;301.0;;195.375;178.2375
319;200.0;170.8;187880.0;246.0;;319;200.0;186.1;219312.0;290.0;;319;200.0;175.8;210080.0;277.0;;319;200.0;163.6;182840.0;239.0;;319;200.0;183.6;215776.0;285.0;;319;200.0;185.6;220720.0;292.0;;319;200.0;178.4;209368.0;276.0;;319;200.0;186.2;228464.0;303.0;;200.0;178.7625
320;186.0;171.1;189320.0;248.0;;320;200.0;186.7;220720.0;292.0;;320;196.0;176.5;211504.0;279.0;;320;200.0;163.6;184280.0;241.0;;320;200.0;184.1;217904.0;288.0;;320;189.0;186.0;222128.0;294.0;;320;200.0;179.1;210792.0;278.0;;320;200.0;186.2;229872.0;305.0;;196.375;179.1625
321;200.0;171.8;190760.0;250.0;;321;200.0;186.8;222216.0;294.0;;321;200.0;177.3;212928.0;281.0;;321;200.0;164.6;185720.0;243.0;;321;200.0;184.7;219312.0;290.0;;321;200.0;186.3;223536.0;296.0;;321;200.0;179.6;212216.0;280.0;;321;197.0;186.5;231984.0;308.0;;199.625;179.7
322;200.0;172.3;192920.0;253.0;;322;200.0;187.1;224240.0;297.0;;322;200.0;177.8;214352.0;283.0;;322;172.0;165.2;187160.0;245.0;;322;200.0;185.2;220720.0;292.0;;322;200.0;186.8;224944.0;298.0;;322;200.0;180.2;214352.0;283.0;;322;200.0;186.9;233392.0;310.0;;196.5;180.1875
323;200.0;173.3;194360.0;255.0;;323;200.0;187.2;225648.0;299.0;;323;200.0;178.4;216488.0;286.0;;323;200.0;166.1;188600.0;247.0;;323;200.0;185.6;222128.0;294.0;;323;200.0;187.3;226352.0;300.0;;323;200.0;180.8;215776.0;285.0;;323;200.0;187.4;234800.0;312.0;;200.0;180.7625
324;200.0;173.4;195800.0;257.0;;324;200.0;187.2;227056.0;301.0;;324;200.0;179.1;217904.0;288.0;;324;200.0;167.0;190040.0;249.0;;324;200.0;186.0;224240.0;297.0;;324;200.0;187.8;228464.0;303.0;;324;200.0;181.2;217200.0;287.0;;324;200.0;188.0;236192.0;314.0;;200.0;181.2125
325;200.0;173.4;197240.0;259.0;;325;200.0;187.8;229168.0;304.0;;325;200.0;179.7;219312.0;290.0;;325;200.0;167.7;192200.0;252.0;;325;197.0;186.0;225648.0;299.0;;325;200.0;188.3;229872.0;305.0;;325;200.0;181.3;218608.0;289.0;;325;200.0;188.4;238280.0;317.0;;199.625;181.575
326;184.0;174.0;198680.0;261.0;;326;200.0;188.1;230576.0;306.0;;326;200.0;180.2;220720.0;292.0;;326;200.0;168.5;193640.0;254.0;;326;200.0;186.0;227056.0;301.0;;326;200.0;188.9;231280.0;307.0;;326;200.0;181.7;220720.0;292.0;;326;200.0;188.8;239672.0;319.0;;198.0;182.025
327;200.0;174.3;200824.0;264.0;;327;200.0;188.5;231984.0;308.0;;327;200.0;180.7;222832.0;295.0;;327;200.0;169.2;195080.0;256.0;;327;200.0;186.5;228464.0;303.0;;327;200.0;189.2;233392.0;310.0;;327;200.0;182.3;222128.0;294.0;;327;200.0;189.3;241064.0;321.0;;200.0;182.5
328;200.0;175.2;202248.0;266.0;;328;200.0;188.8;233568.0;310.0;;328;200.0;181.2;224240.0;297.0;;328;200.0;169.9;196520.0;258.0;;328;197.0;186.5;230576.0;306.0;;328;200.0;189.6;234800.0;312.0;;328;200.0;182.7;223536.0;296.0;;328;200.0;189.7;243065.0;324.0;;199.625;182.95
329;200.0;175.5;203672.0;268.0;;329;200.0;188.8;235496.0;313.0;;329;200.0;181.8;225648.0;299.0;;329;184.0;170.4;197960.0;260.0;;329;200.0;187.0;231984.0;308.0;;329;200.0;189.6;236192.0;314.0;;329;200.0;183.2;225648.0;299.0;;329;200.0;190.2;244457.0;326.0;;198.0;183.3125
330;200.0;176.2;205096.0;270.0;;330;200.0;189.4;236888.0;315.0;;330;200.0;182.5;227760.0;302.0;;330;199.0;170.8;200112.0;263.0;;330;200.0;187.1;233392.0;310.0;;330;200.0;190.1;237584.0;316.0;;330;200.0;183.6;227056.0;301.0;;330;200.0;190.4;245849.0;328.0;;199.875;183.7625
331;200.0;177.1;207232.0;273.0;;331;200.0;189.9;238280.0;317.0;;331;200.0;183.0;229168.0;304.0;;331;200.0;171.4;201536.0;265.0;;331;200.0;187.3;235496.0;313.0;;331;200.0;190.4;239672.0;319.0;;331;200.0;184.1;228464.0;303.0;;331;200.0;190.9;247937.0;331.0;;200.0;184.2625
332;200.0;177.7;208656.0;275.0;;332;200.0;190.2;240368.0;320.0;;332;200.0;183.6;230576.0;306.0;;332;200.0;171.8;202960.0;267.0;;332;200.0;187.6;236888.0;315.0;;332;200.0;190.7;241064.0;321.0;;332;200.0;184.1;229872.0;305.0;;332;200.0;191.0;249329.0;333.0;;200.0;184.5875
333;200.0;178.5;210080.0;277.0;;333;200.0;190.6;241760.0;322.0;;333;200.0;184.3;231984.0;308.0;;333;200.0;172.1;204384.0;269.0;;333;200.0;187.6;238280.0;317.0;;333;200.0;191.1;242369.0;323.0;;333;200.0;184.3;231984.0;308.0;;333;190.0;191.1;250721.0;335.0;;198.75;184.95
334;200.0;179.0;211504.0;279.0;;334;200.0;190.6;243065.0;324.0;;334;183.0;184.8;233392.0;310.0;;334;191.0;172.2;205808.0;271.0;;334;200.0;188.1;239672.0;319.0;;334;200.0;191.2;244457.0;326.0;;334;200.0;184.5;233392.0;310.0;;334;190.0;191.3;252113.0;337.0;;195.5;185.2125
335;200.0;179.5;213640.0;282.0;;335;200.0;190.9;244718.0;326.0;;335;200.0;185.2;235496.0;313.0;;335;200.0;172.6;207944.0;274.0;;335;200.0;188.1;241760.0;322.0;;335;199.0;191.7;245849.0;328.0;;335;200.0;185.0;234800.0;312.0;;335;200.0;191.5;254177.0;340.0;;199.875;185.5625
336;181.0;179.6;215064.0;284.0;;336;200.0;190.9;246545.0;329.0;;336;200.0;185.9;236888.0;315.0;;336;200.0;173.3;209368.0;276.0;;336;200.0;188.1;243065.0;324.0;;336;200.0;192.2;247241.0;330.0;;336;200.0;185.4;236279.0;314.0;;336;200.0;192.1;255553.0;342.0;;197.625;185.9375
337;193.0;179.8;216488.0;286.0;;337;200.0;190.9;247937.0;331.0;;337;200.0;186.6;238280.0;317.0;;337;192.0;174.0;210792.0;278.0;;337;200.0;188.2;244457.0;326.0;;337;200.0;192.3;249329.0;333.0;;337;193.0;185.7;238280.0;317.0;;337;200.0;192.5;256929.0;344.0;;197.25;186.25
338;200.0;180.5;217904.0;288.0;;338;200.0;190.9;249329.0;333.0;;338;200.0;187.1;240368.0;320.0;;338;200.0;174.7;212216.0;280.0;;338;200.0;188.2;246545.0;329.0;;338;200.0;192.8;250721.0;335.0;;338;200.0;186.3;239672.0;319.0;;338;200.0;193.0;258993.0;347.0;;200.0;186.6875
339;200.0;180.9;219312.0;290.0;;339;186.0;190.9;251417.0;336.0;;339;182.0;187.3;241760.0;322.0;;339;200.0;175.2;214352.0;283.0;;339;200.0;188.2;247937.0;331.0;;339;200.0;193.2;252113.0;337.0;;339;184.0;186.8;241064.0;321.0;;339;200.0;193.4;260369.0;349.0;;194.0;186.9875
340;200.0;181.1;221424.0;293.0;;340;200.0;191.2;252801.0;338.0;;340;200.0;187.8;243065.0;324.0;;340;200.0;175.8;215776.0;285.0;;340;173.0;188.5;249329.0;333.0;;340;200.0;193.5;253489.0;339.0;;340;200.0;186.8;242369.0;323.0;;340;192.0;193.8;261745.0;351.0;;195.625;187.3125
341;200.0;181.4;222832.0;295.0;;341;200.0;191.6;254177.0;340.0;;341;200.0;188.4;244457.0;326.0;;341;200.0;176.2;217200.0;287.0;;341;200.0;189.0;250721.0;335.0;;341;200.0;193.5;255553.0;342.0;;341;200.0;187.0;244457.0;326.0;;341;200.0;194.3;263121.0;353.0;;200.0;187.675
342;200.0;181.7;224240.0;297.0;;342;200.0;191.6;255639.0;342.0;;342;200.0;188.5;246545.0;329.0;;342;184.0;176.8;218608.0;289.0;;342;200.0;189.0;252801.0;338.0;;342;200.0;193.7;256929.0;344.0;;342;200.0;187.6;245849.0;328.0;;342;200.0;194.8;265185.0;356.0;;198.0;187.9625
343;187.0;182.1;225648.0;299.0;;343;200.0;192.0;257617.0;345.0;;343;175.0;188.5;247937.0;331.0;;343;200.0;177.4;220016.0;291.0;;343;200.0;189.0;254177.0;340.0;;343;200.0;193.7;258305.0;346.0;;343;200.0;188.1;247241.0;330.0;;343;200.0;195.2;266561.0;358.0;;195.25;188.25
344;183.0;182.3;227056.0;301.0;;344;196.0;192.3;258993.0;347.0;;344;200.0;188.9;249329.0;333.0;;344;200.0;178.0;222128.0;294.0;;344;200.0;189.6;255553.0;342.0;;344;200.0;194.1;260369.0;349.0;;344;200.0;188.6;249329.0;333.0;;344;198.0;195.6;267937.0;360.0;;197.125;188.675
345;200.0;182.6;229168.0;304.0;;345;200.0;192.7;260369.0;349.0;;345;200.0;189.0;250721.0;335.0;;345;200.0;178.5;223536.0;296.0;;345;200.0;189.9;256929.0;344.0;;345;200.0;194.2;261745.0;351.0;;345;200.0;189.0;250721.0;335.0;;345;193.0;196.0;269993.0;363.0;;199.125;188.9875
346;200.0;182.9;230576.0;306.0;;346;180.0;192.9;262433.0;352.0;;346;200.0;189.5;252801.0;338.0;;346;200.0;179.1;224944.0;298.0;;346;200.0;190.1;258993.0;347.0;;346;200.0;194.4;263121.0;353.0;;346;200.0;189.7;252113.0;337.0;;346;179.0;195.8;271353.0;365.0;;194.875;189.3
347;200.0;183.5;231984.0;308.0;;347;200.0;193.6;263809.0;354.0;;347;200.0;189.7;254177.0;340.0;;347;200.0;179.8;226352.0;300.0;;347;196.0;190.2;260369.0;349.0;;347;200.0;195.0;265185.0;356.0;;347;200.0;190.1;254177.0;340.0;;347;184.0;196.1;272713.0;367.0;;197.5;189.75
348;200.0;184.0;233392.0;310.0;;348;200.0;194.0;265185.0;356.0;;348;198.0;190.1;255553.0;342.0;;348;200.0;180.6;228464.0;303.0;;348;200.0;190.7;261745.0;351.0;;348;188.0;195.4;266561.0;358.0;;348;200.0;190.6;255553.0;342.0;;348;200.0;196.1;274073.0;369.0;;198.25;190.1875
349;200.0;184.2;235496.0;313.0;;349;200.0;194.6;266561.0;358.0;;349;200.0;190.5;257445.0;344.0;;349;200.0;181.2;229872.0;305.0;;349;198.0;190.9;263809.0;354.0;;349;200.0;195.8;267937.0;360.0;;349;200.0;190.8;256929.0;344.0;;349;200.0;196.1;276113.0;372.0;;199.75;190.5125
350;200.0;184.8;236888.0;315.0;;350;199.0;195.1;268625.0;361.0;;350;200.0;191.0;258993.0;347.0;;350;200.0;181.8;231280.0;307.0;;350;189.0;191.1;265185.0;356.0;;350;187.0;196.1;269313.0;362.0;;350;200.0;191.2;258993.0;347.0;;350;200.0;196.1;277473.0;374.0;;196.875;190.9
351;200.0;185.1;238280.0;317.0;;351;200.0;195.7;269993.0;363.0;;351;200.0;191.3;260369.0;349.0;;351;200.0;182.4;233392.0;310.0;;351;167.0;191.1;266561.0;358.0;;351;200.0;196.5;271353.0;365.0;;351;200.0;191.7;260369.0;349.0;;351;200.0;196.1;278833.0;376.0;;195.875;191.2375
352;200.0;185.3;240368.0;320.0;;352;200.0;195.7;271353.0;365.0;;352;179.0;191.1;261745.0;351.0;;352;200.0;182.8;234800.0;312.0;;352;200.0;191.7;267937.0;360.0;;352;200.0;196.8;272713.0;367.0;;352;200.0;192.0;261745.0;351.0;;352;200.0;196.6;280873.0;379.0;;197.375;191.5
353;185.0;185.5;241760.0;322.0;;353;200.0;196.2;273393.0;368.0;;353;200.0;191.1;263809.0;354.0;;353;200.0;183.4;236192.0;314.0;;353;172.0;191.4;269313.0;362.0;;353;200.0;196.8;274753.0;370.0;;353;200.0;192.4;263809.0;354.0;;353;200.0;196.9;282233.0;381.0;;194.625;191.7125
354;200.0;186.0;243065.0;324.0;;354;200.0;196.3;274753.0;370.0;;354;200.0;191.1;265185.0;356.0;;354;181.0;183.5;237584.0;316.0;;354;180.0;191.5;270673.0;364.0;;354;200.0;196.8;276113.0;372.0;;354;200.0;192.4;265185.0;356.0;;354;200.0;197.2;283593.0;383.0;;195.125;191.85
355;200.0;186.5;244457.0;326.0;;355;200.0;196.5;276793.0;373.0;;355;200.0;191.7;266561.0;358.0;;355;200.0;184.0;239672.0;319.0;;355;146.0;191.4;272033.0;366.0;;355;200.0;197.1;277473.0;374.0;;355;200.0;192.7;266561.0;358.0;;355;200.0;197.2;285633.0;386.0;;193.25;192.1375
356;200.0;187.1;246545.0;329.0;;356;200.0;196.8;278153.0;375.0;;356;200.0;192.0;268625.0;361.0;;356;198.0;184.5;241064.0;321.0;;356;164.0;191.4;273393.0;368.0;;356;195.0;197.0;279513.0;377.0;;356;200.0;193.0;268195.0;360.0;;356;190.0;197.4;286985.0;388.0;;193.375;192.4
357;200.0;187.4;247937.0;331.0;;357;200.0;196.8;279513.0;377.0;;357;200.0;192.2;269993.0;363.0;;357;200.0;185.0;242369.0;323.0;;357;165.0;191.6;274753.0;370.0;;357;200.0;197.3;280873.0;379.0;;357;200.0;193.5;269993.0;363.0;;357;174.0;197.2;288329.0;390.0;;192.375;192.625
358;200.0;188.1;249329.0;333.0;;358;152.0;196.3;280873.0;379.0;;358;180.0;192.4;271353.0;365.0;;358;200.0;185.7;243761.0;325.0;;358;198.0;191.9;276113.0;372.0;;358;200.0;197.3;282233.0;381.0;;358;200.0;194.1;271353.0;365.0;;358;200.0;197.2;289673.0;392.0;;191.25;192.875
359;200.0;188.7;251417.0;336.0;;359;200.0;196.4;282233.0;381.0;;359;200.0;192.4;272713.0;367.0;;359;165.0;186.0;245153.0;327.0;;359;179.0;192.2;277473.0;374.0;;359;200.0;197.3;284273.0;384.0;;359;187.0;194.4;272713.0;367.0;;359;200.0;197.4;291689.0;395.0;;191.375;193.1
360;200.0;189.4;252801.0;338.0;;360;200.0;196.4;284273.0;384.0;;360;200.0;192.9;274753.0;370.0;;360;200.0;186.7;247241.0;330.0;;360;195.0;192.4;279513.0;377.0;;360;200.0;197.6;285633.0;386.0;;360;200.0;194.6;274753.0;370.0;;360;200.0;197.4;293033.0;397.0;;199.375;193.425
361;200.0;190.1;254177.0;340.0;;361;200.0;196.9;285633.0;386.0;;361;176.0;193.0;276113.0;372.0;;361;200.0;186.7;248633.0;332.0;;361;196.0;192.8;280873.0;379.0;;361;200.0;197.9;286985.0;388.0;;361;200.0;194.9;276113.0;372.0;;361;200.0;197.5;295049.0;400.0;;196.5;193.725
362;200.0;190.6;255553.0;342.0;;362;189.0;196.8;286985.0;388.0;;362;174.0;193.2;277473.0;374.0;;362;200.0;187.2;250025.0;334.0;;362;200.0;193.2;282233.0;381.0;;362;200.0;198.2;289001.0;391.0;;362;197.0;195.1;277473.0;374.0;;362;188.0;197.4;296393.0;402.0;;193.5;193.9625
363;200.0;190.9;257617.0;345.0;;363;200.0;197.2;289001.0;391.0;;363;200.0;193.6;278833.0;376.0;;363;200.0;187.8;252113.0;337.0;;363;173.0;193.2;283593.0;383.0;;363;200.0;198.5;290345.0;393.0;;363;200.0;195.3;279513.0;377.0;;363;200.0;197.4;297737.0;404.0;;196.625;194.2375
364;200.0;191.2;258993.0;347.0;;364;200.0;197.4;290345.0;393.0;;364;175.0;193.7;280193.0;378.0;;364;200.0;188.3;253489.0;339.0;;364;200.0;193.2;285633.0;386.0;;364;200.0;198.8;291689.0;395.0;;364;200.0;195.3;280873.0;379.0;;364;177.0;197.2;299081.0;406.0;;194.0;194.3875
365;186.0;191.7;260369.0;349.0;;365;200.0;197.4;292109.0;395.0;;365;200.0;194.0;282233.0;381.0;;365;200.0;188.8;254865.0;341.0;;365;182.0;193.1;286985.0;388.0;;365;179.0;198.8;293705.0;398.0;;365;191.0;195.6;282233.0;381.0;;365;200.0;197.3;301097.0;409.0;;192.25;194.5875
366;200.0;192.1;262433.0;352.0;;366;200.0;197.5;293705.0;398.0;;366;200.0;194.0;283593.0;383.0;;366;200.0;189.6;256241.0;343.0;;366;200.0;193.6;288329.0;390.0;;366;200.0;198.9;295049.0;400.0;;366;200.0;195.8;284273.0;384.0;;366;200.0;197.3;302441.0;411.0;;200.0;194.85
367;200.0;192.2;263809.0;354.0;;367;198.0;197.7;295049.0;400.0;;367;165.0;193.6;284953.0;385.0;;367;200.0;189.8;258305.0;346.0;;367;193.0;193.9;290345.0;393.0;;367;200.0;199.1;296393.0;402.0;;367;200.0;196.3;285633.0;386.0;;367;200.0;197.3;303777.0;413.0;;194.5;194.9875
368;182.0;192.4;265185.0;356.0;;368;174.0;197.4;296393.0;402.0;;368;164.0;193.3;286313.0;387.0;;368;200.0;190.1;259681.0;348.0;;368;198.0;194.4;291689.0;395.0;;368;200.0;199.1;298409.0;405.0;;368;200.0;196.8;286985.0;388.0;;368;200.0;197.3;305769.0;416.0;;189.75;195.1
369;200.0;192.8;266561.0;358.0;;369;200.0;197.6;298409.0;405.0;;369;200.0;193.6;287657.0;389.0;;369;200.0;190.6;261057.0;350.0;;369;173.0;194.3;293033.0;397.0;;369;195.0;199.0;299753.0;407.0;;369;200.0;197.1;289001.0;391.0;;369;200.0;197.3;307097.0;418.0;;196.0;195.2875
370;200.0;193.0;268625.0;361.0;;370;200.0;197.6;299753.0;407.0;;370;169.0;193.6;289001.0;391.0;;370;165.0;190.7;262433.0;352.0;;370;160.0;194.0;294377.0;399.0;;370;200.0;199.0;301097.0;409.0;;370;200.0;197.1;290345.0;393.0;;370;200.0;197.3;309089.0;421.0;;186.75;195.2875
371;199.0;193.0;269993.0;363.0;;371;200.0;197.6;301097.0;409.0;;371;200.0;193.9;291017.0;394.0;;371;200.0;191.1;264497.0;355.0;;371;198.0;194.0;295721.0;401.0;;371;200.0;199.0;303113.0;412.0;;371;200.0;197.7;292361.0;396.0;;371;200.0;197.3;310417.0;423.0;;199.625;195.45
372;182.0;193.0;271353.0;365.0;;372;199.0;197.6;303113.0;412.0;;372;200.0;194.2;292361.0;396.0;;372;200.0;191.2;265873.0;357.0;;372;198.0;194.2;297737.0;404.0;;372;200.0;199.0;304441.0;414.0;;372;200.0;197.7;293705.0;398.0;;372;200.0;197.5;311745.0;425.0;;197.375;195.54999999999998
373;200.0;193.4;273393.0;368.0;;373;200.0;197.6;304441.0;414.0;;373;200.0;194.4;293705.0;398.0;;373;200.0;191.3;267249.0;359.0;;373;200.0;194.2;299081.0;406.0;;373;200.0;199.0;306433.0;417.0;;373;200.0;197.8;295049.0;400.0;;373;200.0;197.8;313737.0;428.0;;200.0;195.6875
374;200.0;194.1;274753.0;370.0;;374;200.0;197.6;306433.0;417.0;;374;166.0;194.4;295049.0;400.0;;374;200.0;191.8;269313.0;362.0;;374;188.0;194.3;300425.0;408.0;;374;186.0;198.9;307761.0;419.0;;374;200.0;197.8;297065.0;403.0;;374;200.0;197.8;315065.0;430.0;;192.5;195.8375
375;200.0;194.7;276113.0;372.0;;375;178.0;197.7;307761.0;419.0;;375;176.0;194.2;296393.0;402.0;;375;200.0;191.8;270673.0;364.0;;375;175.0;194.0;301769.0;410.0;;375;200.0;198.9;309089.0;421.0;;375;200.0;197.8;298409.0;405.0;;375;183.0;197.6;317057.0;433.0;;189.0;195.8375
376;200.0;195.0;278153.0;375.0;;376;200.0;197.7;309089.0;421.0;;376;189.0;194.2;298409.0;405.0;;376;200.0;192.0;272033.0;366.0;;376;200.0;194.0;303777.0;413.0;;376;200.0;198.9;311081.0;424.0;;376;200.0;198.1;299753.0;407.0;;376;200.0;197.9;318385.0;435.0;;198.625;195.975
377;200.0;195.0;279513.0;377.0;;377;200.0;197.8;311081.0;424.0;;377;200.0;194.6;299753.0;407.0;;377;200.0;192.0;274073.0;369.0;;377;184.0;194.0;305105.0;415.0;;377;200.0;198.9;312409.0;426.0;;377;191.0;198.1;301769.0;410.0;;377;200.0;197.9;319713.0;437.0;;196.875;196.0375
378;200.0;195.0;280873.0;379.0;;378;200.0;197.8;312409.0;426.0;;378;193.0;194.7;301097.0;409.0;;378;200.0;192.0;275433.0;371.0;;378;200.0;194.0;306433.0;417.0;;378;191.0;198.8;313737.0;428.0;;378;200.0;198.6;303113.0;412.0;;378;200.0;197.9;321681.0;440.0;;198.0;196.1
379;200.0;195.0;282913.0;382.0;;379;200.0;197.8;313737.0;428.0;;379;200.0;194.8;303113.0;412.0;;379;200.0;192.2;276793.0;373.0;;379;200.0;194.4;308425.0;420.0;;379;147.0;198.3;315065.0;430.0;;379;200.0;198.8;305105.0;415.0;;379;200.0;197.9;322993.0;442.0;;193.375;196.15
380;200.0;195.2;284273.0;384.0;;380;200.0;197.8;315729.0;431.0;;380;200.0;194.8;304441.0;414.0;;380;200.0;192.2;278833.0;376.0;;380;200.0;194.4;309753.0;422.0;;380;163.0;198.0;316393.0;432.0;;380;200.0;198.8;306433.0;417.0;;380;174.0;197.7;324305.0;444.0;;192.125;196.1125
381;200.0;195.2;285633.0;386.0;;381;190.0;197.7;317057.0;433.0;;381;200.0;194.8;306433.0;417.0;;381;200.0;192.4;280193.0;378.0;;381;183.0;194.2;311081.0;424.0;;381;200.0;198.0;318385.0;435.0;;381;200.0;198.8;307761.0;419.0;;381;156.0;197.2;325617.0;446.0;;191.125;196.0375
382;200.0;195.2;287657.0;389.0;;382;200.0;197.7;319049.0;436.0;;382;179.0;194.5;307761.0;419.0;;382;200.0;193.1;282233.0;381.0;;382;200.0;194.2;313073.0;427.0;;382;181.0;197.8;319713.0;437.0;;382;200.0;198.8;309753.0;422.0;;382;200.0;197.3;327585.0;449.0;;195.0;196.075
383;200.0;195.4;289001.0;391.0;;383;200.0;197.7;320369.0;438.0;;383;200.0;194.5;309089.0;421.0;;383;200.0;193.6;283593.0;383.0;;383;170.0;193.9;314401.0;429.0;;383;164.0;197.5;321025.0;439.0;;383;161.0;198.4;311081.0;424.0;;383;200.0;197.3;328897.0;451.0;;186.875;196.0375
384;200.0;195.9;290345.0;393.0;;384;200.0;197.7;321681.0;440.0;;384;200.0;194.5;311081.0;424.0;;384;200.0;193.8;284953.0;385.0;;384;184.0;193.7;315729.0;431.0;;384;186.0;197.3;322337.0;441.0;;384;200.0;198.4;312409.0;426.0;;384;200.0;197.3;330865.0;454.0;;196.25;196.075
385;200.0;195.9;292361.0;396.0;;385;200.0;197.7;323649.0;443.0;;385;200.0;194.6;312409.0;426.0;;385;200.0;194.2;286985.0;388.0;;385;147.0;193.2;317057.0;433.0;;385;199.0;197.3;323649.0;443.0;;385;182.0;198.2;313737.0;428.0;;385;200.0;197.3;332177.0;456.0;;191.0;196.05
386;200.0;196.3;293705.0;398.0;;386;200.0;197.7;324961.0;445.0;;386;200.0;194.6;313737.0;428.0;;386;182.0;194.5;288329.0;390.0;;386;196.0;193.4;318385.0;435.0;;386;183.0;197.3;325617.0;446.0;;386;200.0;198.2;315729.0;431.0;;386;200.0;197.3;333489.0;458.0;;195.125;196.1625
387;200.0;196.7;295721.0;401.0;;387;200.0;197.7;326929.0;448.0;;387;200.0;194.6;315729.0;431.0;;387;200.0;195.0;289673.0;392.0;;387;182.0;193.4;319713.0;437.0;;387;200.0;197.3;326929.0;448.0;;387;200.0;198.2;317057.0;433.0;;387;200.0;197.3;335457.0;461.0;;197.75;196.275
388;200.0;196.7;297065.0;403.0;;388;180.0;197.5;328241.0;450.0;;388;180.0;194.4;317057.0;433.0;;388;200.0;195.0;291689.0;395.0;;388;200.0;193.4;321681.0;440.0;;388;200.0;197.3;328897.0;451.0;;388;200.0;198.2;319049.0;436.0;;388;200.0;197.3;336761.0;463.0;;195.0;196.225
389;200.0;196.7;298409.0;405.0;;389;200.0;197.5;329553.0;452.0;;389;196.0;194.4;318385.0;435.0;;389;200.0;195.1;293033.0;397.0;;389;200.0;193.4;322993.0;442.0;;389;200.0;197.3;330209.0;453.0;;389;200.0;198.2;320369.0;438.0;;389;196.0;197.2;338705.0;466.0;;199.0;196.225
390;164.0;196.6;299753.0;407.0;;390;200.0;197.5;331521.0;455.0;;390;200.0;194.4;320369.0;438.0;;390;200.0;195.3;294377.0;399.0;;390;200.0;193.4;324961.0;445.0;;390;200.0;197.3;331521.0;455.0;;390;200.0;198.2;321681.0;440.0;;390;176.0;197.0;340001.0;468.0;;192.5;196.2125
391;200.0;196.6;301769.0;410.0;;391;200.0;197.5;332833.0;457.0;;391;200.0;194.7;321681.0;440.0;;391;200.0;195.7;296393.0;402.0;;391;200.0;193.4;326273.0;447.0;;391;200.0;197.3;333489.0;458.0;;391;200.0;198.2;323649.0;443.0;;391;170.0;196.7;341297.0;470.0;;196.25;196.2625
392;200.0;196.9;303113.0;412.0;;392;200.0;197.5;334801.0;460.0;;392;169.0;194.5;322993.0;442.0;;392;186.0;195.8;297737.0;404.0;;392;166.0;193.0;327585.0;449.0;;392;200.0;197.3;334801.0;460.0;;392;200.0;198.5;324961.0;445.0;;392;192.0;196.6;342593.0;472.0;;189.125;196.2625
393;200.0;196.9;305105.0;415.0;;393;200.0;197.5;336113.0;462.0;;393;200.0;194.7;324961.0;445.0;;393;200.0;196.3;299081.0;406.0;;393;190.0;192.9;328897.0;451.0;;393;200.0;197.3;336761.0;463.0;;393;200.0;198.5;326929.0;448.0;;393;200.0;196.6;344537.0;475.0;;198.75;196.3375
394;200.0;196.9;306433.0;417.0;;394;200.0;197.5;338057.0;465.0;;394;200.0;194.7;326273.0;447.0;;394;200.0;196.4;301097.0;409.0;;394;200.0;192.9;330865.0;454.0;;394;150.0;196.8;338057.0;465.0;;394;200.0;198.5;328241.0;450.0;;394;200.0;196.6;345833.0;477.0;;193.75;196.2875
395;172.0;196.8;307761.0;419.0;;395;187.0;197.4;339353.0;467.0;;395;200.0;194.7;328241.0;450.0;;395;200.0;196.4;302441.0;411.0;;395;200.0;192.9;332177.0;456.0;;395;200.0;196.8;339353.0;467.0;;395;200.0;198.6;330209.0;453.0;;395;185.0;196.5;347777.0;480.0;;193.0;196.2625
396;200.0;196.9;309089.0;421.0;;396;170.0;197.1;340649.0;469.0;;396;179.0;194.5;329553.0;452.0;;396;200.0;196.7;303777.0;413.0;;396;177.0;192.7;333489.0;458.0;;396;167.0;196.5;340649.0;469.0;;396;200.0;198.6;331521.0;455.0;;396;200.0;196.5;349073.0;482.0;;186.625;196.1875
397;200.0;196.9;311081.0;424.0;;397;200.0;197.4;341945.0;471.0;;397;200.0;194.5;330865.0;454.0;;397;200.0;196.7;305769.0;416.0;;397;190.0;192.6;335457.0;461.0;;397;200.0;196.5;342593.0;472.0;;397;200.0;198.6;332997.0;457.0;;397;200.0;196.5;351017.0;485.0;;198.75;196.2125
398;200.0;197.0;312409.0;426.0;;398;200.0;197.4;343889.0;474.0;;398;159.0;194.5;332177.0;456.0;;398;200.0;196.7;307097.0;418.0;;398;195.0;192.7;336761.0;463.0;;398;161.0;196.1;343889.0;474.0;;398;200.0;198.6;334801.0;460.0;;398;200.0;196.5;352313.0;487.0;;189.375;196.1875
399;200.0;197.0;314401.0;429.0;;399;172.0;197.1;345185.0;476.0;;399;182.0;194.3;333489.0;458.0;;399;200.0;196.7;309089.0;421.0;;399;171.0;192.4;338057.0;465.0;;399;168.0;195.8;345185.0;476.0;;399;200.0;198.6;336113.0;462.0;;399;200.0;196.5;354233.0;490.0;;186.625;196.05
400;151.0;196.8;315065.0;430.0;;400;187.0;197.0;346481.0;478.0;;400;200.0;194.3;335457.0;461.0;;400;194.0;196.7;310417.0;423.0;;400;194.0;192.3;340001.0;468.0;;400;157.0;195.4;346481.0;478.0;;400;200.0;198.6;338057.0;465.0;;400;171.0;196.2;355513.0;492.0;;181.75;195.9125
401;200.0;196.9;317057.0;433.0;;401;170.0;196.8;347858.0;480.0;;401;200.0;194.3;336761.0;463.0;;401;200.0;196.8;311745.0;425.0;;401;200.0;192.3;341297.0;470.0;;401;151.0;194.9;347129.0;479.0;;401;187.0;198.4;339353.0;467.0;;401;200.0;196.2;356793.0;494.0;;188.5;195.82500000000002
402;198.0;196.8;318385.0;435.0;;402;198.0;196.8;349721.0;483.0;;402;177.0;194.1;338057.0;465.0;;402;200.0;197.1;313737.0;428.0;;402;182.0;192.2;342593.0;472.0;;402;200.0;194.9;349073.0;482.0;;402;200.0;198.4;341297.0;470.0;;402;200.0;196.2;358713.0;497.0;;194.375;195.8125
403;200.0;196.8;320369.0;438.0;;403;200.0;196.8;351017.0;485.0;;403;200.0;194.1;340001.0;468.0;;403;194.0;197.1;315065.0;430.0;;403;200.0;192.2;344537.0;475.0;;403;200.0;194.9;350369.0;484.0;;403;200.0;198.4;342593.0;472.0;;403;200.0;196.2;359993.0;499.0;;199.25;195.8125
404;200.0;197.0;321681.0;440.0;;404;200.0;196.8;352953.0;488.0;;404;191.0;194.0;341297.0;470.0;;404;200.0;197.1;317057.0;433.0;;404;200.0;192.2;345833.0;477.0;;404;200.0;194.9;352313.0;487.0;;404;200.0;198.4;344537.0;475.0;;404;200.0;196.2;361913.0;502.0;;198.875;195.825
405;192.0;197.0;322993.0;442.0;;405;200.0;196.8;354233.0;490.0;;405;200.0;194.0;343241.0;473.0;;405;200.0;197.1;318385.0;435.0;;405;200.0;192.3;347777.0;480.0;;405;171.0;194.6;353593.0;489.0;;405;200.0;198.4;345833.0;477.0;;405;176.0;195.9;363193.0;504.0;;192.375;195.7625
406;200.0;197.0;324961.0;445.0;;406;185.0;196.7;356153.0;493.0;;406;200.0;194.3;344537.0;475.0;;406;200.0;197.1;319713.0;437.0;;406;152.0;191.8;349073.0;482.0;;406;200.0;194.6;355033.0;491.0;;406;200.0;198.4;347777.0;480.0;;406;167.0;195.6;364473.0;506.0;;188.0;195.6875
407;200.0;197.0;326273.0;447.0;;407;200.0;196.7;357433.0;495.0;;407;200.0;194.5;346481.0;478.0;;407;200.0;197.1;321681.0;440.0;;407;155.0;191.3;350369.0;484.0;;407;179.0;194.4;356793.0;494.0;;407;189.0;198.6;349073.0;482.0;;407;200.0;195.6;365753.0;508.0;;190.375;195.65
408;200.0;197.0;328241.0;450.0;;408;200.0;196.7;359353.0;498.0;;408;200.0;194.5;347777.0;480.0;;408;200.0;197.1;322993.0;442.0;;408;163.0;191.0;351665.0;486.0;;408;166.0;194.0;358073.0;496.0;;408;194.0;198.6;350369.0;484.0;;408;167.0;195.3;367673.0;511.0;;186.25;195.525
409;183.0;197.1;329553.0;452.0;;409;174.0;196.4;360633.0;500.0;;409;200.0;194.5;349721.0;483.0;;409;200.0;197.2;324961.0;445.0;;409;179.0;190.8;352953.0;488.0;;409;200.0;194.0;359353.0;498.0;;409;200.0;198.6;352313.0;487.0;;409;200.0;195.3;368953.0;513.0;;192.0;195.4875
410;195.0;197.0;330865.0;454.0;;410;200.0;196.5;361913.0;502.0;;410;162.0;194.1;351017.0;485.0;;410;200.0;197.4;326273.0;447.0;;410;170.0;190.4;354233.0;490.0;;410;160.0;193.6;360633.0;500.0;;410;200.0;198.6;353593.0;489.0;;410;200.0;195.3;370873.0;516.0;;185.875;195.3625
411;200.0;197.0;332833.0;457.0;;411;200.0;196.5;363833.0;505.0;;411;200.0;194.1;352313.0;487.0;;411;195.0;197.6;328241.0;450.0;;411;161.0;190.1;355513.0;492.0;;411;170.0;193.3;361913.0;502.0;;411;172.0;198.3;354873.0;491.0;;411;200.0;195.3;372153.0;518.0;;187.25;195.275
412;199.0;197.0;334145.0;459.0;;412;200.0;196.5;365113.0;507.0;;412;160.0;193.7;353593.0;489.0;;412;200.0;197.6;329553.0;452.0;;412;164.0;189.8;356793.0;494.0;;412;200.0;193.3;363833.0;505.0;;412;197.0;198.2;356793.0;494.0;;412;158.0;195.0;373433.0;520.0;;184.75;195.1375
413;163.0;196.6;335457.0;461.0;;413;200.0;196.5;367033.0;510.0;;413;200.0;193.7;355513.0;492.0;;413;184.0;197.4;330865.0;454.0;;413;173.0;189.6;358073.0;496.0;;413;200.0;193.3;365113.0;507.0;;413;200.0;198.2;358073.0;496.0;;413;200.0;195.0;375353.0;523.0;;190.0;195.0375
414;200.0;196.6;337409.0;464.0;;414;200.0;196.5;368313.0;512.0;;414;200.0;193.7;356793.0;494.0;;414;190.0;197.3;332833.0;457.0;;414;200.0;189.6;359993.0;499.0;;414;200.0;193.3;367033.0;510.0;;414;200.0;198.2;359993.0;499.0;;414;182.0;194.8;376633.0;525.0;;196.5;195.0
415;193.0;196.6;338705.0;466.0;;415;161.0;196.1;369593.0;514.0;;415;200.0;193.7;358713.0;497.0;;415;164.0;197.0;334145.0;459.0;;415;200.0;189.6;361273.0;501.0;;415;200.0;193.3;368313.0;512.0;;415;200.0;198.2;361273.0;501.0;;415;188.0;194.7;377913.0;527.0;;188.25;194.9
416;200.0;196.6;340649.0;469.0;;416;200.0;196.1;371513.0;517.0;;416;153.0;193.3;359353.0;498.0;;416;198.0;197.0;335457.0;461.0;;416;177.0;189.3;362553.0;503.0;;416;200.0;193.3;370233.0;515.0;;416;200.0;198.2;363193.0;504.0;;416;179.0;194.5;379193.0;529.0;;188.375;194.7875
417;200.0;196.6;341945.0;471.0;;417;197.0;196.2;372793.0;519.0;;417;185.0;193.1;361273.0;501.0;;417;190.0;196.9;336761.0;463.0;;417;165.0;189.0;363833.0;505.0;;417;200.0;193.3;371513.0;517.0;;417;187.0;198.1;364473.0;506.0;;417;200.0;194.7;381113.0;532.0;;190.5;194.7375
418;200.0;196.6;343889.0;474.0;;418;200.0;196.2;374713.0;522.0;;418;187.0;193.0;362553.0;503.0;;418;200.0;197.1;338705.0;466.0;;418;170.0;188.9;365753.0;508.0;;418;179.0;193.1;373433.0;520.0;;418;200.0;198.1;366393.0;509.0;;418;186.0;194.6;382393.0;534.0;;190.25;194.7
419;200.0;196.6;345185.0;476.0;;419;200.0;196.2;375993.0;524.0;;419;200.0;193.0;364473.0;506.0;;419;200.0;197.1;340001.0;468.0;;419;200.0;188.9;367033.0;510.0;;419;200.0;193.1;374713.0;522.0;;419;200.0;198.1;367673.0;511.0;;419;186.0;194.4;384313.0;537.0;;198.25;194.675
420;182.0;196.5;346481.0;478.0;;420;200.0;196.2;377913.0;527.0;;420;170.0;192.7;365753.0;508.0;;420;190.0;197.0;341945.0;471.0;;420;174.0;188.6;368313.0;512.0;;420;200.0;193.2;376633.0;525.0;;420;197.0;198.1;369593.0;514.0;;420;200.0;194.4;385593.0;539.0;;189.125;194.5875
421;193.0;196.5;348425.0;481.0;;421;183.0;196.0;379193.0;529.0;;421;200.0;192.7;367033.0;510.0;;421;200.0;197.0;343241.0;473.0;;421;139.0;188.0;369593.0;514.0;;421;200.0;193.2;377913.0;527.0;;421;200.0;198.1;370873.0;516.0;;421;200.0;194.5;387513.0;542.0;;189.375;194.5
422;200.0;196.5;349721.0;483.0;;422;200.0;196.0;381113.0;532.0;;422;200.0;192.7;368953.0;513.0;;422;200.0;197.3;344537.0;475.0;;422;174.0;187.8;370873.0;516.0;;422;200.0;193.2;379833.0;530.0;;422;200.0;198.1;372793.0;519.0;;422;166.0;194.1;388793.0;544.0;;192.5;194.4625
423;200.0;196.5;351665.0;486.0;;423;200.0;196.0;382393.0;534.0;;423;200.0;192.7;370233.0;515.0;;423;200.0;197.3;346481.0;478.0;;423;200.0;187.8;372793.0;519.0;;423;200.0;193.2;381113.0;532.0;;423;190.0;198.0;374073.0;521.0;;423;200.0;194.1;390073.0;546.0;;198.75;194.45
424;200.0;196.5;352953.0;488.0;;424;200.0;196.0;384313.0;537.0;;424;200.0;192.7;372153.0;518.0;;424;200.0;197.3;347777.0;480.0;;424;175.0;187.5;374073.0;521.0;;424;200.0;193.2;383033.0;535.0;;424;183.0;197.8;375353.0;523.0;;424;170.0;193.8;391353.0;548.0;;191.0;194.35
425;173.0;196.2;354233.0;490.0;;425;194.0;196.0;385593.0;539.0;;425;200.0;192.7;373433.0;520.0;;425;196.0;197.2;349721.0;483.0;;425;200.0;187.6;375353.0;523.0;;425;200.0;193.2;384313.0;537.0;;425;200.0;197.8;377273.0;526.0;;425;155.0;193.4;392633.0;550.0;;189.75;194.2625
426;200.0;196.4;356153.0;493.0;;426;200.0;196.0;387513.0;542.0;;426;158.0;192.3;374713.0;522.0;;426;186.0;197.1;351017.0;485.0;;426;150.0;187.0;376633.0;525.0;;426;200.0;193.2;386233.0;540.0;;426;185.0;197.7;378553.0;528.0;;426;200.0;193.4;394553.0;553.0;;184.875;194.1375
427;200.0;196.4;357433.0;495.0;;427;196.0;196.0;388793.0;544.0;;427;200.0;192.3;376633.0;525.0;;427;200.0;197.1;352953.0;488.0;;427;185.0;186.9;378553.0;528.0;;427;200.0;193.2;387513.0;542.0;;427;200.0;197.7;380473.0;531.0;;427;200.0;193.4;395833.0;555.0;;197.625;194.125
428;200.0;196.4;359353.0;498.0;;428;200.0;196.0;390473.0;546.0;;428;200.0;192.3;377913.0;527.0;;428;200.0;197.1;354233.0;490.0;;428;194.0;186.9;379833.0;530.0;;428;200.0;193.2;389433.0;545.0;;428;200.0;197.7;381753.0;533.0;;428;182.0;193.2;397113.0;557.0;;197.0;194.1
429;200.0;196.4;360633.0;500.0;;429;200.0;196.0;391993.0;549.0;;429;162.0;191.9;379193.0;529.0;;429;200.0;197.2;356153.0;493.0;;429;185.0;186.7;381113.0;532.0;;429;200.0;193.2;390713.0;547.0;;429;195.0;197.6;383673.0;536.0;;429;168.0;192.9;399033.0;560.0;;188.75;193.9875
430;200.0;196.4;362553.0;503.0;;430;200.0;196.0;393273.0;551.0;;430;172.0;191.6;380473.0;531.0;;430;200.0;197.2;357433.0;495.0;;430;194.0;186.7;383033.0;535.0;;430;200.0;193.2;392633.0;550.0;;430;200.0;197.6;384953.0;538.0;;430;200.0;192.9;400313.0;562.0;;195.75;193.95
431;190.0;196.3;363833.0;505.0;;431;199.0;195.9;395193.0;554.0;;431;200.0;191.6;382393.0;534.0;;431;200.0;197.2;359353.0;498.0;;431;200.0;186.7;384313.0;537.0;;431;200.0;193.2;393913.0;552.0;;431;200.0;197.6;386873.0;541.0;;431;200.0;192.9;402233.0;565.0;;198.625;193.925
432;193.0;196.2;365113.0;507.0;;432;180.0;195.7;396473.0;556.0;;432;171.0;191.4;383673.0;536.0;;432;200.0;197.2;360633.0;500.0;;432;200.0;186.7;386233.0;540.0;;432;200.0;193.2;395833.0;555.0;;432;148.0;197.1;387513.0;542.0;;432;193.0;192.8;403513.0;567.0;;185.625;193.7875
433;200.0;196.2;367033.0;510.0;;433;189.0;195.6;398393.0;559.0;;433;175.0;191.1;384953.0;538.0;;433;197.0;197.2;362553.0;503.0;;433;200.0;186.7;387513.0;542.0;;433;200.0;193.2;397113.0;557.0;;433;200.0;197.1;389433.0;545.0;;433;188.0;192.8;404793.0;569.0;;193.625;193.73749999999998
434;200.0;196.2;368313.0;512.0;;434;200.0;195.6;399673.0;561.0;;434;200.0;191.3;386873.0;541.0;;434;190.0;197.2;363833.0;505.0;;434;174.0;186.4;388793.0;544.0;;434;186.0;193.1;398393.0;559.0;;434;200.0;197.1;390713.0;547.0;;434;200.0;192.9;406713.0;572.0;;193.75;193.725
435;200.0;196.2;370233.0;515.0;;435;200.0;195.6;401593.0;564.0;;435;200.0;191.3;388153.0;543.0;;435;200.0;197.2;365113.0;507.0;;435;200.0;186.4;390713.0;547.0;;435;200.0;193.1;400313.0;562.0;;435;200.0;197.1;392633.0;550.0;;435;200.0;192.9;407993.0;574.0;;200.0;193.725
436;200.0;196.4;371513.0;517.0;;436;200.0;195.6;402873.0;566.0;;436;200.0;191.3;390073.0;546.0;;436;169.0;196.9;367033.0;510.0;;436;187.0;186.3;391993.0;549.0;;436;200.0;193.1;401593.0;564.0;;436;200.0;197.1;393913.0;552.0;;436;200.0;192.9;409913.0;577.0;;194.5;193.7
437;200.0;196.4;373433.0;520.0;;437;200.0;195.6;404793.0;569.0;;437;200.0;191.3;391353.0;548.0;;437;200.0;197.0;368313.0;512.0;;437;189.0;186.2;393913.0;552.0;;437;145.0;192.5;402873.0;566.0;;437;200.0;197.2;395833.0;555.0;;437;200.0;192.9;411193.0;579.0;;191.75;193.6375
438;197.0;196.4;374713.0;522.0;;438;171.0;195.3;406073.0;571.0;;438;200.0;191.3;393273.0;551.0;;438;200.0;197.0;370233.0;515.0;;438;200.0;186.2;395193.0;554.0;;438;200.0;192.5;404793.0;569.0;;438;198.0;197.2;397113.0;557.0;;438;200.0;192.9;413113.0;582.0;;195.75;193.6
439;200.0;196.4;376633.0;525.0;;439;177.0;195.2;407353.0;573.0;;439;200.0;191.5;394553.0;553.0;;439;164.0;196.6;371513.0;517.0;;439;200.0;186.2;397113.0;557.0;;439;178.0;192.3;406073.0;571.0;;439;200.0;197.3;399033.0;560.0;;439;167.0;192.6;414393.0;584.0;;185.75;193.5125
440;200.0;196.4;377913.0;527.0;;440;179.0;195.0;408633.0;575.0;;440;200.0;191.5;396473.0;556.0;;440;167.0;196.3;372793.0;519.0;;440;200.0;186.4;398393.0;559.0;;440;200.0;192.3;407993.0;574.0;;440;157.0;196.9;400313.0;562.0;;440;200.0;192.6;415673.0;586.0;;187.875;193.425
441;200.0;196.4;379833.0;530.0;;441;169.0;194.7;409913.0;577.0;;441;196.0;191.4;397753.0;558.0;;441;191.0;196.2;374073.0;521.0;;441;200.0;186.4;400313.0;562.0;;441;200.0;192.3;409273.0;576.0;;441;200.0;196.9;401593.0;564.0;;441;185.0;192.5;417593.0;589.0;;192.625;193.35
442;193.0;196.4;381113.0;532.0;;442;200.0;194.7;411833.0;580.0;;442;200.0;191.4;399673.0;561.0;;442;200.0;196.4;375993.0;524.0;;442;191.0;186.3;401593.0;564.0;;442;189.0;192.2;410553.0;578.0;;442;200.0;196.9;403513.0;567.0;;442;200.0;192.5;418873.0;591.0;;196.625;193.35
443;192.0;196.4;383033.0;535.0;;443;200.0;194.7;413113.0;582.0;;443;200.0;191.7;400953.0;563.0;;443;200.0;196.4;377273.0;526.0;;443;187.0;186.2;402873.0;566.0;;443;200.0;192.2;412473.0;581.0;;443;200.0;196.9;404793.0;569.0;;443;200.0;192.5;420793.0;594.0;;197.375;193.375
444;200.0;196.6;384313.0;537.0;;444;200.0;194.8;415033.0;585.0;;444;158.0;191.2;402233.0;565.0;;444;200.0;196.4;379193.0;529.0;;444;177.0;186.0;404233.0;568.0;;444;200.0;192.2;413753.0;583.0;;444;200.0;196.9;406713.0;572.0;;444;200.0;192.5;422073.0;596.0;;191.875;193.325
445;177.0;196.3;385593.0;539.0;;445;200.0;194.8;416313.0;587.0;;445;189.0;191.1;403833.0;567.0;;445;200.0;196.4;380473.0;531.0;;445;200.0;186.0;406073.0;571.0;;445;178.0;192.0;415673.0;586.0;;445;200.0;196.9;407993.0;574.0;;445;198.0;192.6;423993.0;599.0;;192.75;193.2625
446;185.0;196.2;387513.0;542.0;;446;193.0;194.9;418233.0;590.0;;446;200.0;191.1;405433.0;570.0;;446;200.0;196.4;382393.0;534.0;;446;200.0;186.0;407353.0;573.0;;446;172.0;191.7;416953.0;588.0;;446;200.0;196.9;409913.0;577.0;;446;200.0;192.8;425273.0;601.0;;193.75;193.25
447;184.0;196.0;388793.0;544.0;;447;199.0;194.9;419513.0;592.0;;447;200.0;191.1;406873.0;572.0;;447;200.0;196.4;383673.0;536.0;;447;192.0;185.9;409273.0;576.0;;447;166.0;191.4;418233.0;590.0;;447;200.0;196.9;411193.0;579.0;;447;200.0;192.9;427193.0;604.0;;192.625;193.1875
448;145.0;195.5;390073.0;546.0;;448;200.0;194.9;421433.0;595.0;;448;200.0;191.2;408633.0;575.0;;448;200.0;196.4;385593.0;539.0;;448;185.0;185.8;410553.0;578.0;;448;188.0;191.4;419513.0;592.0;;448;176.0;196.6;413113.0;582.0;;448;200.0;192.9;428473.0;606.0;;186.75;193.0875
449;190.0;195.4;391353.0;548.0;;449;200.0;194.9;422713.0;597.0;;449;193.0;191.1;409913.0;577.0;;449;168.0;196.0;386873.0;541.0;;449;186.0;185.7;412473.0;581.0;;449;200.0;191.4;421433.0;595.0;;449;200.0;196.6;414393.0;584.0;;449;191.0;192.8;430393.0;609.0;;191.0;192.9875
450;200.0;195.4;393273.0;551.0;;450;200.0;194.9;424633.0;600.0;;450;200.0;191.1;411833.0;580.0;;450;200.0;196.0;388153.0;543.0;;450;200.0;185.8;413753.0;583.0;;450;192.0;191.4;422713.0;597.0;;450;200.0;196.6;416313.0;587.0;;450;200.0;192.8;431673.0;611.0;;199.0;193.0
451;200.0;195.4;394553.0;553.0;;451;200.0;194.9;425913.0;602.0;;451;200.0;191.1;413113.0;582.0;;451;160.0;195.6;389433.0;545.0;;451;192.0;186.0;415033.0;585.0;;451;200.0;191.4;424633.0;600.0;;451;161.0;196.2;417593.0;589.0;;451;200.0;192.8;433593.0;614.0;;189.125;192.925
452;200.0;195.4;396473.0;556.0;;452;200.0;194.9;427833.0;605.0;;452;200.0;191.3;415033.0;585.0;;452;200.0;195.6;391353.0;548.0;;452;200.0;186.0;416953.0;588.0;;452;176.0;191.2;425913.0;602.0;;452;200.0;196.2;418873.0;591.0;;452;200.0;192.8;434873.0;616.0;;197.0;192.925
453;200.0;195.5;397753.0;558.0;;453;166.0;194.6;429113.0;607.0;;453;200.0;191.3;416313.0;587.0;;453;200.0;195.6;392633.0;550.0;;453;200.0;186.3;418233.0;590.0;;453;200.0;191.2;427193.0;604.0;;453;200.0;196.2;420793.0;594.0;;453;200.0;192.8;436793.0;619.0;;195.75;192.9375
454;200.0;195.5;399673.0;561.0;;454;200.0;194.6;430393.0;609.0;;454;200.0;191.3;418233.0;590.0;;454;200.0;195.8;394553.0;553.0;;454;200.0;186.5;420153.0;593.0;;454;189.0;191.1;429113.0;607.0;;454;200.0;196.2;422073.0;596.0;;454;200.0;192.8;438073.0;621.0;;198.625;192.975
455;186.0;195.4;400953.0;563.0;;455;193.0;194.5;432313.0;612.0;;455;200.0;191.3;419513.0;592.0;;455;200.0;195.8;395833.0;555.0;;455;200.0;187.0;421433.0;595.0;;455;178.0;190.8;430393.0;609.0;;455;200.0;196.2;423993.0;599.0;;455;200.0;192.8;439993.0;624.0;;194.625;192.975
456;200.0;195.4;402873.0;566.0;;456;200.0;194.5;433593.0;614.0;;456;183.0;191.1;421433.0;595.0;;456;161.0;195.5;397113.0;557.0;;456;200.0;187.4;423353.0;598.0;;456;200.0;190.9;431673.0;611.0;;456;200.0;196.2;425273.0;601.0;;456;200.0;192.9;441273.0;626.0;;193.0;192.9875
457;200.0;195.4;404153.0;568.0;;457;200.0;194.5;435513.0;617.0;;457;200.0;191.1;422713.0;597.0;;457;200.0;195.5;399033.0;560.0;;457;200.0;187.8;424633.0;600.0;;457;151.0;190.4;432953.0;613.0;;457;200.0;196.2;427193.0;604.0;;457;200.0;193.2;443193.0;629.0;;193.875;193.0125
458;200.0;195.4;406073.0;571.0;;458;200.0;195.0;436793.0;619.0;;458;164.0;191.0;423993.0;599.0;;458;200.0;195.5;400313.0;562.0;;458;178.0;187.6;426553.0;603.0;;458;200.0;190.4;435353.0;616.0;;458;200.0;196.2;428473.0;606.0;;458;200.0;193.2;444473.0;631.0;;192.75;193.0375
459;200.0;195.4;407353.0;573.0;;459;200.0;195.0;438713.0;622.0;;459;200.0;191.0;425913.0;602.0;;459;200.0;195.8;402233.0;565.0;;459;192.0;187.7;427833.0;605.0;;459;200.0;190.4;436153.0;618.0;;459;192.0;196.3;429753.0;608.0;;459;157.0;192.8;445753.0;633.0;;192.625;193.05
460;200.0;195.4;409273.0;576.0;;460;200.0;195.0;439993.0;624.0;;460;200.0;191.0;427193.0;604.0;;460;200.0;195.8;403513.0;567.0;;460;190.0;187.6;429113.0;607.0;;460;200.0;190.4;438073.0;621.0;;460;200.0;196.3;431673.0;611.0;;460;200.0;192.8;447673.0;636.0;;198.75;193.0375
461;200.0;195.4;410553.0;578.0;;461;177.0;194.7;441273.0;626.0;;461;200.0;191.2;429113.0;607.0;;461;200.0;195.8;405433.0;570.0;;461;166.0;187.3;431033.0;610.0;;461;200.0;190.4;439353.0;623.0;;461;164.0;195.9;432953.0;613.0;;461;200.0;192.8;448953.0;638.0;;188.375;192.9375
462;184.0;195.2;411833.0;580.0;;462;200.0;194.8;443193.0;629.0;;462;200.0;191.5;430393.0;609.0;;462;200.0;195.8;406713.0;572.0;;462;200.0;187.3;432313.0;612.0;;462;200.0;190.4;441273.0;626.0;;462;200.0;196.0;434713.0;615.0;;462;200.0;192.9;450873.0;641.0;;198.0;192.9875
463;181.0;195.0;413753.0;583.0;;463;200.0;194.8;444473.0;631.0;;463;200.0;191.5;432313.0;612.0;;463;164.0;195.4;407993.0;574.0;;463;185.0;187.5;433593.0;614.0;;463;200.0;190.4;442553.0;628.0;;463;200.0;196.0;436153.0;618.0;;463;200.0;192.9;452153.0;643.0;;191.25;192.9375
464;188.0;194.9;415033.0;585.0;;464;200.0;194.8;446393.0;634.0;;464;200.0;191.7;433593.0;614.0;;464;163.0;195.1;409273.0;576.0;;464;200.0;187.5;435513.0;617.0;;464;200.0;190.4;444473.0;631.0;;464;194.0;195.9;437433.0;620.0;;464;191.0;193.0;453433.0;645.0;;192.0;192.9125
465;200.0;195.1;416953.0;588.0;;465;200.0;194.8;447673.0;636.0;;465;200.0;191.7;435513.0;617.0;;465;179.0;194.9;411193.0;579.0;;465;187.0;187.5;436793.0;619.0;;465;200.0;190.6;445753.0;633.0;;465;200.0;196.0;439353.0;623.0;;465;200.0;193.0;455353.0;648.0;;195.75;192.95
466;200.0;195.1;418233.0;590.0;;466;200.0;194.8;449593.0;639.0;;466;200.0;191.7;436793.0;619.0;;466;200.0;194.9;412473.0;581.0;;466;195.0;187.5;438713.0;622.0;;466;162.0;190.2;447033.0;635.0;;466;200.0;196.0;440633.0;625.0;;466;200.0;193.0;456633.0;650.0;;194.625;192.9
467;195.0;195.0;419513.0;592.0;;467;200.0;194.9;450873.0;641.0;;467;200.0;192.1;438713.0;622.0;;467;200.0;194.9;414393.0;584.0;;467;200.0;187.5;439993.0;624.0;;467;200.0;190.2;448953.0;638.0;;467;200.0;196.0;442553.0;628.0;;467;200.0;193.0;458553.0;653.0;;199.375;192.95
468;200.0;195.2;421433.0;595.0;;468;200.0;195.1;452793.0;644.0;;468;179.0;192.2;439993.0;624.0;;468;200.0;194.9;415673.0;586.0;;468;200.0;187.6;441913.0;627.0;;468;200.0;190.2;450233.0;640.0;;468;200.0;196.0;443833.0;630.0;;468;200.0;193.0;459833.0;655.0;;197.375;193.025
469;200.0;195.2;422713.0;597.0;;469;200.0;195.1;454073.0;646.0;;469;200.0;192.2;441273.0;626.0;;469;189.0;194.8;416953.0;588.0;;469;188.0;187.7;443193.0;629.0;;469;200.0;190.3;452153.0;643.0;;469;200.0;196.0;445753.0;633.0;;469;200.0;193.0;461753.0;658.0;;197.125;193.0375
470;200.0;195.2;424633.0;600.0;;470;200.0;195.1;455993.0;649.0;;470;200.0;192.5;443193.0;629.0;;470;200.0;195.1;418873.0;591.0;;470;200.0;188.1;444473.0;631.0;;470;166.0;190.0;453433.0;645.0;;470;176.0;195.8;447033.0;635.0;;470;200.0;193.0;463033.0;660.0;;192.75;193.1
471;200.0;195.2;425913.0;602.0;;471;192.0;195.0;457273.0;651.0;;471;200.0;192.5;444873.0;631.0;;471;200.0;195.1;420153.0;593.0;;471;200.0;188.1;446393.0;634.0;;471;200.0;190.0;454713.0;647.0;;471;192.0;195.7;448953.0;638.0;;471;200.0;193.0;464953.0;663.0;;198.0;193.075
472;200.0;195.4;427833.0;605.0;;472;193.0;195.0;459193.0;654.0;;472;200.0;192.5;446393.0;634.0;;472;177.0;194.9;422073.0;596.0;;472;200.0;188.1;447673.0;636.0;;472;169.0;189.6;455993.0;649.0;;472;187.0;195.6;450233.0;640.0;;472;200.0;193.0;466233.0;665.0;;190.75;193.0125
473;196.0;195.3;429113.0;607.0;;473;200.0;195.0;460473.0;656.0;;473;200.0;192.5;447913.0;636.0;;473;200.0;194.9;423353.0;598.0;;473;200.0;188.1;449593.0;639.0;;473;200.0;189.6;457913.0;652.0;;473;200.0;195.6;451513.0;642.0;;473;200.0;193.0;468153.0;668.0;;199.5;193.0
474;200.0;195.3;431033.0;610.0;;474;190.0;194.9;462393.0;659.0;;474;200.0;192.9;449593.0;639.0;;474;200.0;194.9;425273.0;601.0;;474;200.0;188.3;450873.0;641.0;;474;200.0;189.8;459193.0;654.0;;474;200.0;195.6;453433.0;645.0;;474;200.0;193.0;469433.0;670.0;;198.75;193.0875
475;200.0;195.3;432313.0;612.0;;475;200.0;195.1;463673.0;661.0;;475;180.0;192.9;450873.0;641.0;;475;200.0;194.9;426553.0;603.0;;475;200.0;188.5;452793.0;644.0;;475;200.0;189.8;461113.0;657.0;;475;200.0;195.6;454713.0;647.0;;475;200.0;193.2;471353.0;673.0;;197.5;193.1625
476;200.0;195.3;434233.0;615.0;;476;200.0;195.1;465593.0;664.0;;476;185.0;192.9;452793.0;644.0;;476;188.0;194.8;427833.0;605.0;;476;200.0;188.5;454073.0;646.0;;476;162.0;189.4;462393.0;659.0;;476;193.0;195.5;456633.0;650.0;;476;200.0;193.2;472633.0;675.0;;191.0;193.0875
477;164.0;195.0;435513.0;617.0;;477;194.0;195.0;466873.0;666.0;;477;200.0;192.9;454073.0;646.0;;477;200.0;194.8;429753.0;608.0;;477;200.0;188.7;455993.0;649.0;;477;188.0;189.3;463673.0;661.0;;477;199.0;195.6;457913.0;652.0;;477;200.0;193.2;474553.0;678.0;;193.125;193.0625
478;200.0;195.0;436793.0;619.0;;478;180.0;194.8;468153.0;668.0;;478;200.0;192.9;455993.0;649.0;;478;200.0;194.8;431033.0;610.0;;478;165.0;188.3;457273.0;651.0;;478;164.0;189.0;464953.0;663.0;;478;200.0;195.6;459833.0;655.0;;478;200.0;193.2;475833.0;680.0;;188.625;192.95
479;162.0;194.6;438073.0;621.0;;479;200.0;194.8;470073.0;671.0;;479;200.0;192.9;457273.0;651.0;;479;200.0;194.8;432953.0;613.0;;479;200.0;188.3;459193.0;654.0;;479;200.0;189.5;466873.0;666.0;;479;200.0;195.6;461113.0;657.0;;479;200.0;193.2;477753.0;683.0;;195.25;192.9625
480;174.0;194.3;439993.0;624.0;;480;200.0;194.8;471353.0;673.0;;480;181.0;192.8;458553.0;653.0;;480;200.0;194.8;434233.0;615.0;;480;200.0;188.3;460473.0;656.0;;480;200.0;189.9;468153.0;668.0;;480;200.0;195.6;463033.0;660.0;;480;195.0;193.4;479033.0;685.0;;193.75;192.9875
481;186.0;194.2;441273.0;626.0;;481;198.0;194.9;473273.0;676.0;;481;200.0;192.8;460473.0;656.0;;481;195.0;194.7;436153.0;618.0;;481;200.0;188.5;462393.0;659.0;;481;183.0;189.7;470073.0;671.0;;481;191.0;195.5;464313.0;662.0;;481;200.0;193.8;480953.0;688.0;;194.125;193.0125
482;200.0;194.2;442553.0;628.0;;482;163.0;194.6;474553.0;678.0;;482;185.0;192.8;461753.0;658.0;;482;200.0;194.7;437433.0;620.0;;482;167.0;188.2;463673.0;661.0;;482;200.0;189.9;471353.0;673.0;;482;164.0;195.1;465593.0;664.0;;482;200.0;193.8;482233.0;690.0;;184.875;192.9125
483;200.0;194.2;444473.0;631.0;;483;200.0;194.6;475833.0;680.0;;483;180.0;192.6;463033.0;660.0;;483;188.0;194.6;439353.0;623.0;;483;200.0;188.5;464953.0;663.0;;483;200.0;190.3;473273.0;676.0;;483;200.0;195.5;467513.0;667.0;;483;200.0;193.8;484073.0;693.0;;196.0;193.0125
484;200.0;194.2;445753.0;633.0;;484;200.0;194.6;477753.0;683.0;;484;200.0;192.6;464953.0;663.0;;484;200.0;194.6;440633.0;625.0;;484;180.0;188.4;466233.0;665.0;;484;200.0;190.4;474553.0;678.0;;484;200.0;195.5;468793.0;669.0;;484;200.0;193.8;485353.0;695.0;;197.5;193.0125
485;200.0;194.2;447673.0;636.0;;485;186.0;194.4;479033.0;685.0;;485;178.0;192.4;466233.0;665.0;;485;187.0;194.5;442553.0;628.0;;485;180.0;188.8;468153.0;668.0;;485;200.0;190.4;476473.0;681.0;;485;186.0;195.5;470713.0;672.0;;485;200.0;193.8;487273.0;698.0;;189.625;193.0
486;200.0;194.2;448953.0;638.0;;486;200.0;194.4;480953.0;688.0;;486;200.0;192.4;468153.0;668.0;;486;200.0;194.6;443833.0;630.0;;486;191.0;188.7;469433.0;670.0;;486;174.0;190.4;477753.0;683.0;;486;200.0;195.5;471993.0;674.0;;486;177.0;193.6;488553.0;700.0;;192.75;192.975
487;194.0;194.1;450873.0;641.0;;487;200.0;194.4;482233.0;690.0;;487;193.0;192.3;469433.0;670.0;;487;200.0;194.6;445753.0;633.0;;487;200.0;188.9;470713.0;672.0;;487;200.0;190.4;479033.0;685.0;;487;200.0;195.5;473913.0;677.0;;487;200.0;193.6;490473.0;703.0;;198.375;192.975
488;181.0;194.0;452153.0;643.0;;488;200.0;194.6;484073.0;693.0;;488;182.0;192.3;470713.0;672.0;;488;160.0;194.2;447033.0;635.0;;488;183.0;188.7;472633.0;675.0;;488;147.0;189.8;480313.0;687.0;;488;172.0;195.3;475193.0;679.0;;488;199.0;193.6;491753.0;705.0;;178.0;192.8125
489;200.0;194.0;454073.0;646.0;;489;189.0;194.5;485353.0;695.0;;489;199.0;192.4;472633.0;675.0;;489;200.0;194.2;448313.0;637.0;;489;200.0;188.7;473913.0;677.0;;489;166.0;189.5;481593.0;689.0;;489;200.0;195.3;476473.0;681.0;;489;200.0;193.6;493673.0;708.0;;194.25;192.775
490;199.0;194.3;455353.0;648.0;;490;200.0;194.5;487033.0;697.0;;490;200.0;192.4;473913.0;677.0;;490;158.0;193.8;449593.0;639.0;;490;200.0;188.7;475833.0;680.0;;490;194.0;189.4;483513.0;692.0;;490;200.0;195.3;478393.0;684.0;;490;200.0;193.9;494953.0;710.0;;193.875;192.7875
491;200.0;194.3;457273.0;651.0;;491;200.0;194.5;488553.0;700.0;;491;196.0;192.3;475833.0;680.0;;491;168.0;193.5;450873.0;641.0;;491;200.0;188.7;477113.0;682.0;;491;200.0;189.4;484713.0;694.0;;491;190.0;195.2;479673.0;686.0;;491;187.0;194.1;496233.0;712.0;;192.625;192.75
492;200.0;194.3;458553.0;653.0;;492;200.0;194.5;489833.0;702.0;;492;200.0;192.6;477113.0;682.0;;492;190.0;193.5;452793.0;644.0;;492;176.0;188.8;478393.0;684.0;;492;171.0;189.1;485993.0;696.0;;492;200.0;195.2;481593.0;689.0;;492;174.0;193.9;498153.0;715.0;;188.875;192.7375
493;200.0;194.3;460473.0;656.0;;493;200.0;194.5;491753.0;705.0;;493;170.0;192.3;478393.0;684.0;;493;200.0;193.5;454073.0;646.0;;493;168.0;188.6;480313.0;687.0;;493;179.0;188.9;487913.0;699.0;;493;173.0;194.9;482873.0;691.0;;493;199.0;193.9;499433.0;717.0;;186.125;192.6125
494;171.0;194.0;461753.0;658.0;;494;200.0;194.5;493033.0;707.0;;494;173.0;192.1;479673.0;686.0;;494;189.0;193.4;455353.0;648.0;;494;189.0;188.5;481593.0;689.0;;494;173.0;189.2;489193.0;701.0;;494;200.0;194.9;484073.0;693.0;;494;200.0;193.9;501353.0;720.0;;186.875;192.5625
495;200.0;194.3;463033.0;660.0;;495;200.0;194.6;494953.0;710.0;;495;174.0;191.8;481593.0;689.0;;495;176.0;193.2;457273.0;651.0;;495;200.0;188.5;482873.0;691.0;;495;200.0;189.2;490473.0;703.0;;495;200.0;194.9;485993.0;696.0;;495;159.0;193.6;502633.0;722.0;;188.625;192.5125
496;160.0;193.9;464313.0;662.0;;496;182.0;194.8;496233.0;712.0;;496;175.0;191.8;482873.0;691.0;;496;178.0;193.0;458553.0;653.0;;496;191.0;188.6;484713.0;694.0;;496;157.0;189.0;491753.0;705.0;;496;180.0;194.7;487273.0;698.0;;496;200.0;193.6;503913.0;724.0;;177.875;192.425
497;169.0;193.6;465593.0;664.0;;497;200.0;194.8;498153.0;715.0;;497;180.0;191.6;484073.0;693.0;;497;200.0;193.0;459833.0;655.0;;497;200.0;188.7;485993.0;696.0;;497;180.0;188.8;493033.0;707.0;;497;200.0;194.7;488553.0;700.0;;497;200.0;193.6;505833.0;727.0;;191.125;192.35
498;179.0;193.4;467513.0;667.0;;498;175.0;194.5;499433.0;717.0;;498;182.0;191.8;485353.0;695.0;;498;200.0;193.0;461753.0;658.0;;498;200.0;188.8;487913.0;699.0;;498;200.0;189.2;494953.0;710.0;;498;200.0;194.7;490473.0;703.0;;498;160.0;193.2;507113.0;729.0;;187.0;192.325
499;184.0;193.2;468793.0;669.0;;499;190.0;194.7;500713.0;719.0;;499;171.0;191.7;487273.0;698.0;;499;175.0;192.7;463033.0;660.0;;499;172.0;188.8;489193.0;701.0;;499;181.0;189.4;496233.0;712.0;;499;200.0;194.7;491753.0;705.0;;499;200.0;193.2;508393.0;731.0;;184.125;192.29999999999998
500;200.0;193.7;470073.0;671.0;;500;200.0;194.8;502633.0;722.0;;500;170.0;191.4;488553.0;700.0;;500;200.0;192.8;464953.0;663.0;;500;200.0;188.8;490473.0;703.0;;500;185.0;189.6;498153.0;715.0;;500;186.0;194.6;493673.0;708.0;;500;185.0;193.4;509673.0;733.0;;190.75;192.3875
501;200.0;193.7;471993.0;674.0;;501;200.0;195.1;503913.0;724.0;;501;194.0;191.3;489833.0;702.0;;501;194.0;192.7;466233.0;665.0;;501;200.0;188.8;492393.0;706.0;;501;198.0;190.1;499433.0;717.0;;501;200.0;194.7;494953.0;710.0;;501;171.0;193.1;510953.0;735.0;;194.625;192.4375
502;200.0;193.7;473273.0;676.0;;502;200.0;195.1;505833.0;727.0;;502;157.0;191.1;491113.0;704.0;;502;200.0;192.7;467513.0;667.0;;502;200.0;189.0;493673.0;708.0;;502;188.0;190.0;500713.0;719.0;;502;200.0;194.7;496873.0;713.0;;502;200.0;193.1;512873.0;738.0;;193.125;192.42499999999998
503;200.0;193.7;475193.0;679.0;;503;200.0;195.1;507113.0;729.0;;503;197.0;191.1;492793.0;706.0;;503;167.0;192.4;469433.0;670.0;;503;200.0;189.0;495593.0;711.0;;503;166.0;189.7;501993.0;721.0;;503;200.0;194.7;498153.0;715.0;;503;179.0;192.8;514153.0;740.0;;188.625;192.3125
504;200.0;193.7;476473.0;681.0;;504;200.0;195.1;509033.0;732.0;;504;145.0;190.6;493673.0;708.0;;504;167.0;192.1;470713.0;672.0;;504;200.0;189.0;496873.0;713.0;;504;190.0;189.6;503913.0;724.0;;504;174.0;194.4;499433.0;717.0;;504;200.0;192.8;516073.0;743.0;;184.5;192.1625
505;200.0;193.8;478393.0;684.0;;505;200.0;195.1;510313.0;734.0;;505;184.0;190.5;495593.0;711.0;;505;200.0;192.1;471993.0;674.0;;505;192.0;188.9;498793.0;716.0;;505;172.0;189.6;505193.0;726.0;;505;198.0;194.4;501353.0;720.0;;505;165.0;192.7;517353.0;745.0;;188.875;192.1375
506;200.0;193.8;479673.0;686.0;;506;180.0;195.1;512233.0;737.0;;506;183.0;190.3;496873.0;713.0;;506;200.0;192.1;473913.0;677.0;;506;200.0;189.4;500073.0;718.0;;506;187.0;189.4;506473.0;728.0;;506;200.0;194.4;502633.0;722.0;;506;184.0;192.9;518633.0;747.0;;191.75;192.175
507;153.0;193.3;480953.0;688.0;;507;191.0;195.0;513513.0;739.0;;507;198.0;190.3;498153.0;715.0;;507;200.0;192.1;475193.0;679.0;;507;171.0;189.6;501993.0;721.0;;507;200.0;189.6;508393.0;731.0;;507;200.0;194.5;504553.0;725.0;;507;200.0;192.9;520553.0;750.0;;189.125;192.1625
508;170.0;193.0;482233.0;690.0;;508;162.0;194.6;514793.0;741.0;;508;157.0;189.9;499433.0;717.0;;508;200.0;192.1;477113.0;682.0;;508;200.0;190.0;503273.0;723.0;;508;162.0;189.6;509673.0;733.0;;508;200.0;194.6;505833.0;727.0;;508;200.0;193.2;521833.0;752.0;;181.375;192.125
509;182.0;193.0;484073.0;693.0;;509;200.0;194.9;516073.0;743.0;;509;154.0;189.4;500713.0;719.0;;509;200.0;192.1;478393.0;684.0;;509;200.0;190.2;505193.0;726.0;;509;170.0;189.3;510953.0;735.0;;509;200.0;194.6;507753.0;730.0;;509;191.0;193.2;523113.0;754.0;;187.125;192.0875
510;200.0;193.1;485353.0;695.0;;510;200.0;194.9;517993.0;746.0;;510;195.0;189.7;502633.0;722.0;;510;185.0;192.0;479673.0;686.0;;510;200.0;190.5;506473.0;728.0;;510;179.0;189.5;512233.0;737.0;;510;169.0;194.3;509033.0;732.0;;510;200.0;193.2;525033.0;757.0;;191.0;192.15
511;166.0;192.7;486633.0;697.0;;511;200.0;194.9;519273.0;748.0;;511;166.0;189.4;503913.0;724.0;;511;191.0;191.9;481593.0;689.0;;511;198.0;190.8;507753.0;730.0;;511;179.0;189.6;513513.0;739.0;;511;185.0;194.4;510313.0;734.0;;511;200.0;193.2;526313.0;759.0;;185.625;192.1125
512;191.0;192.6;488553.0;700.0;;512;198.0;194.9;521193.0;751.0;;512;200.0;189.8;505193.0;726.0;;512;191.0;191.8;482873.0;691.0;;512;194.0;191.1;509673.0;733.0;;512;187.0;189.5;515433.0;742.0;;512;189.0;194.3;512233.0;737.0;;512;200.0;193.6;528233.0;762.0;;193.75;192.2
513;171.0;192.7;489833.0;702.0;;513;154.0;194.4;522473.0;753.0;;513;171.0;189.5;506473.0;728.0;;513;187.0;191.9;484713.0;694.0;;513;180.0;191.2;510953.0;735.0;;513;154.0;189.0;516713.0;744.0;;513;200.0;194.3;513513.0;739.0;;513;200.0;193.6;529513.0;764.0;;177.125;192.075
514;200.0;192.7;491113.0;704.0;;514;200.0;194.4;523753.0;755.0;;514;175.0;189.2;508393.0;731.0;;514;200.0;192.0;485993.0;696.0;;514;150.0;190.7;512233.0;737.0;;514;156.0;188.6;517993.0;746.0;;514;200.0;194.3;515433.0;742.0;;514;176.0;193.5;531433.0;767.0;;182.125;191.925
515;200.0;192.8;493033.0;707.0;;515;189.0;194.7;525673.0;758.0;;515;196.0;189.2;509673.0;733.0;;515;188.0;192.2;487273.0;698.0;;515;187.0;190.6;513513.0;739.0;;515;153.0;188.1;519273.0;748.0;;515;200.0;194.3;516713.0;744.0;;515;170.0;193.3;532713.0;769.0;;185.375;191.9
516;184.0;192.6;494313.0;709.0;;516;200.0;194.7;526953.0;760.0;;516;158.0;189.3;510953.0;735.0;;516;157.0;191.8;488553.0;700.0;;516;178.0;190.6;515433.0;742.0;;516;149.0;187.6;519913.0;749.0;;516;190.0;194.2;518633.0;747.0;;516;184.0;193.4;533993.0;771.0;;175.0;191.775
517;193.0;192.6;496233.0;712.0;;517;200.0;194.7;528873.0;763.0;;517;172.0;189.1;512233.0;737.0;;517;184.0;191.7;490473.0;703.0;;517;200.0;190.9;516713.0;744.0;;517;156.0;187.1;521193.0;751.0;;517;191.0;194.2;519913.0;749.0;;517;200.0;193.4;535913.0;774.0;;187.0;191.7125
518;173.0;192.3;497513.0;714.0;;518;171.0;194.4;530153.0;765.0;;518;170.0;189.0;513513.0;739.0;;518;193.0;191.7;491753.0;705.0;;518;200.0;191.2;518633.0;747.0;;518;178.0;187.1;523113.0;754.0;;518;200.0;194.2;521193.0;751.0;;518;200.0;193.5;537193.0;776.0;;185.625;191.675
519;200.0;192.3;498793.0;716.0;;519;188.0;194.3;531433.0;767.0;;519;200.0;189.0;515433.0;742.0;;519;180.0;191.5;493033.0;707.0;;519;196.0;191.2;519913.0;749.0;;519;167.0;186.8;524393.0;756.0;;519;200.0;194.2;523113.0;754.0;;519;200.0;193.7;539113.0;779.0;;191.375;191.625
520;183.0;192.3;500713.0;719.0;;520;181.0;194.1;532713.0;769.0;;520;166.0;188.9;516713.0;744.0;;520;187.0;191.4;494953.0;710.0;;520;200.0;191.4;521833.0;752.0;;520;200.0;186.8;525673.0;758.0;;520;183.0;194.1;524393.0;756.0;;520;200.0;193.7;540393.0;781.0;;187.5;191.5875
521;165.0;192.0;501993.0;721.0;;521;200.0;194.3;534633.0;772.0;;521;193.0;188.8;517993.0;746.0;;521;169.0;191.1;496233.0;712.0;;521;200.0;192.1;523113.0;754.0;;521;200.0;186.8;527593.0;761.0;;521;190.0;194.0;526313.0;759.0;;521;200.0;193.7;542313.0;784.0;;189.625;191.6
522;197.0;192.0;503273.0;723.0;;522;200.0;194.3;535913.0;774.0;;522;163.0;188.5;519273.0;748.0;;522;186.0;191.0;497513.0;714.0;;522;200.0;192.3;525033.0;757.0;;522;158.0;186.4;528873.0;763.0;;522;200.0;194.0;527593.0;761.0;;522;199.0;194.0;543593.0;786.0;;187.875;191.5625
523;200.0;192.0;505193.0;726.0;;523;199.0;194.3;537833.0;777.0;;523;176.0;188.2;521193.0;751.0;;523;180.0;190.8;498793.0;716.0;;523;200.0;192.3;526313.0;759.0;;523;177.0;186.2;530153.0;765.0;;523;189.0;194.0;528873.0;763.0;;523;193.0;193.9;545513.0;789.0;;189.25;191.4625
524;200.0;192.0;506473.0;728.0;;524;200.0;194.3;539113.0;779.0;;524;160.0;187.8;522473.0;753.0;;524;162.0;190.4;500073.0;718.0;;524;144.0;192.0;527593.0;761.0;;524;160.0;185.8;531433.0;767.0;;524;200.0;194.2;530793.0;766.0;;524;200.0;194.2;546793.0;791.0;;178.25;191.3375
525;200.0;192.3;508393.0;731.0;;525;200.0;194.3;541033.0;782.0;;525;170.0;187.5;523753.0;755.0;;525;181.0;190.3;501993.0;721.0;;525;155.0;191.6;528873.0;763.0;;525;184.0;185.6;532713.0;769.0;;525;200.0;194.2;532073.0;768.0;;525;184.0;194.5;548073.0;793.0;;184.25;191.2875
526;179.0;192.1;509673.0;733.0;;526;200.0;194.3;542313.0;784.0;;526;200.0;188.0;525033.0;757.0;;526;200.0;190.4;503273.0;723.0;;526;170.0;191.8;530153.0;765.0;;526;184.0;185.4;533993.0;771.0;;526;200.0;194.3;533993.0;771.0;;526;200.0;194.5;549993.0;796.0;;191.625;191.35
527;200.0;192.1;510953.0;735.0;;527;191.0;194.3;544233.0;787.0;;527;200.0;188.0;526953.0;760.0;;527;191.0;190.3;505193.0;726.0;;527;191.0;191.8;531433.0;767.0;;527;187.0;185.3;535913.0;774.0;;527;200.0;194.3;535273.0;773.0;;527;200.0;194.5;551273.0;798.0;;195.0;191.32500000000002
528;180.0;191.9;512873.0;738.0;;528;171.0;194.0;545513.0;789.0;;528;200.0;188.0;528233.0;762.0;;528;159.0;189.9;505833.0;727.0;;528;176.0;191.6;532873.0;769.0;;528;196.0;185.3;537193.0;776.0;;528;200.0;194.3;537193.0;776.0;;528;200.0;194.7;553193.0;801.0;;185.25;191.2125
529;159.0;191.4;514153.0;740.0;;529;171.0;193.7;546793.0;791.0;;529;186.0;188.2;529833.0;764.0;;529;164.0;189.5;507753.0;730.0;;529;200.0;191.8;534633.0;772.0;;529;165.0;184.9;538473.0;778.0;;529;200.0;194.4;538473.0;778.0;;529;157.0;194.6;554473.0;803.0;;175.25;191.0625
530;165.0;191.1;515433.0;742.0;;530;168.0;193.4;548073.0;793.0;;530;200.0;188.5;531433.0;767.0;;530;155.0;189.1;508393.0;731.0;;530;200.0;191.8;535913.0;774.0;;530;157.0;184.5;539753.0;780.0;;530;184.0;194.2;540393.0;781.0;;530;200.0;194.6;555753.0;805.0;;178.625;190.9
531;163.0;190.8;516713.0;744.0;;531;160.0;193.0;549353.0;795.0;;531;159.0;188.1;532713.0;769.0;;531;200.0;189.1;510313.0;734.0;;531;200.0;191.8;537833.0;777.0;;531;174.0;184.2;541033.0;782.0;;531;167.0;193.9;541673.0;783.0;;531;191.0;194.5;557673.0;808.0;;176.75;190.675
532;168.0;190.6;517993.0;746.0;;532;195.0;193.1;551273.0;798.0;;532;169.0;188.0;533993.0;771.0;;532;175.0;188.8;511593.0;736.0;;532;200.0;191.8;539113.0;779.0;;532;200.0;184.2;542953.0;785.0;;532;162.0;194.0;542953.0;785.0;;532;180.0;194.4;558953.0;810.0;;181.125;190.6125
533;147.0;190.0;519273.0;748.0;;533;200.0;193.2;552553.0;800.0;;533;200.0;188.3;535913.0;774.0;;533;181.0;188.7;512873.0;738.0;;533;185.0;191.7;541033.0;782.0;;533;177.0;184.0;544233.0;787.0;;533;200.0;194.0;544233.0;787.0;;533;174.0;194.2;560233.0;812.0;;183.0;190.5125
534;178.0;189.8;520553.0;750.0;;534;198.0;193.2;554473.0;803.0;;534;193.0;188.2;537193.0;776.0;;534;200.0;188.8;514793.0;741.0;;534;178.0;191.7;542313.0;784.0;;534;193.0;184.1;546153.0;790.0;;534;200.0;194.0;546153.0;790.0;;534;165.0;193.9;561513.0;814.0;;188.125;190.4625
535;200.0;189.8;521833.0;752.0;;535;184.0;193.1;555753.0;805.0;;535;200.0;188.2;538473.0;778.0;;535;176.0;188.5;516073.0;743.0;;535;196.0;191.7;543833.0;786.0;;535;156.0;183.6;547433.0;792.0;;535;195.0;194.0;547433.0;792.0;;535;200.0;193.9;563433.0;817.0;;188.375;190.35
536;200.0;189.8;523753.0;755.0;;536;178.0;192.8;557033.0;807.0;;536;177.0;188.0;540393.0;781.0;;536;171.0;188.6;517353.0;745.0;;536;200.0;191.8;545513.0;789.0;;536;183.0;183.4;548713.0;794.0;;536;200.0;194.0;549353.0;795.0;;536;200.0;193.9;564713.0;819.0;;188.625;190.2875
537;180.0;189.6;525033.0;757.0;;537;180.0;192.6;558313.0;809.0;;537;173.0;187.7;541673.0;783.0;;537;145.0;188.0;518633.0;747.0;;537;197.0;191.9;546793.0;791.0;;537;200.0;184.0;549993.0;796.0;;537;198.0;194.0;550633.0;797.0;;537;200.0;193.9;566633.0;822.0;;184.125;190.2125
538;191.0;189.6;526313.0;759.0;;538;167.0;192.6;559593.0;811.0;;538;181.0;187.5;542953.0;785.0;;538;162.0;187.6;519913.0;749.0;;538;200.0;191.9;548713.0;794.0;;538;162.0;183.6;551273.0;798.0;;538;169.0;193.7;551913.0;799.0;;538;162.0;193.5;567913.0;824.0;;174.25;190.0
539;182.0;189.4;528233.0;762.0;;539;200.0;192.8;561513.0;814.0;;539;169.0;187.2;544233.0;787.0;;539;200.0;188.0;521833.0;752.0;;539;200.0;191.9;549993.0;796.0;;539;180.0;183.6;553193.0;801.0;;539;200.0;193.7;553833.0;802.0;;539;200.0;193.8;569193.0;826.0;;191.375;190.05
540;187.0;189.3;529513.0;764.0;;540;175.0;192.8;562793.0;816.0;;540;192.0;187.2;546153.0;790.0;;540;173.0;188.0;523113.0;754.0;;540;169.0;191.6;551913.0;799.0;;540;162.0;183.3;554473.0;803.0;;540;200.0;194.1;555113.0;804.0;;540;197.0;193.8;571113.0;829.0;;181.875;190.0125
541;174.0;189.0;530793.0;766.0;;541;200.0;193.1;564713.0;819.0;;541;200.0;187.2;547433.0;792.0;;541;168.0;187.8;524393.0;756.0;;541;192.0;191.5;553193.0;801.0;;541;169.0;183.0;555753.0;805.0;;541;199.0;194.1;557033.0;807.0;;541;178.0;193.7;572393.0;831.0;;185.0;189.925
542;176.0;188.8;532073.0;768.0;;542;164.0;192.8;565993.0;821.0;;542;191.0;187.1;549353.0;795.0;;542;174.0;187.6;525673.0;758.0;;542;166.0;191.3;554473.0;803.0;;542;166.0;182.7;557033.0;807.0;;542;177.0;193.8;558313.0;809.0;;542;182.0;193.5;573673.0;833.0;;174.5;189.7
543;200.0;188.9;533993.0;771.0;;543;186.0;192.6;567273.0;823.0;;543;178.0;186.9;550633.0;797.0;;543;184.0;187.4;526953.0;760.0;;543;176.0;191.2;555753.0;805.0;;543;175.0;182.5;558313.0;809.0;;543;200.0;193.8;560233.0;812.0;;543;155.0;193.1;574953.0;835.0;;181.75;189.55
544;165.0;188.6;535273.0;773.0;;544;158.0;192.2;568553.0;825.0;;544;168.0;187.0;551913.0;799.0;;544;174.0;187.1;528873.0;763.0;;544;192.0;191.3;557673.0;808.0;;544;191.0;182.4;559593.0;811.0;;544;150.0;193.4;561513.0;814.0;;544;168.0;192.8;576233.0;837.0;;170.75;189.35
545;165.0;188.4;536553.0;775.0;;545;178.0;192.0;569833.0;827.0;;545;183.0;186.9;553193.0;801.0;;545;161.0;186.8;530153.0;765.0;;545;200.0;191.3;558953.0;810.0;;545;170.0;182.3;560873.0;813.0;;545;193.0;193.3;562793.0;816.0;;545;172.0;192.5;577513.0;839.0;;177.75;189.1875
546;166.0;188.2;537833.0;777.0;;546;183.0;191.9;571753.0;830.0;;546;181.0;186.7;554473.0;803.0;;546;147.0;186.2;530793.0;766.0;;546;164.0;191.0;560233.0;812.0;;546;185.0;182.4;562793.0;816.0;;546;177.0;193.0;564073.0;818.0;;546;178.0;192.3;579433.0;842.0;;172.625;188.9625
547;153.0;187.9;539113.0;779.0;;547;167.0;191.6;573033.0;832.0;;547;180.0;186.5;556393.0;806.0;;547;166.0;185.9;532073.0;768.0;;547;200.0;191.0;562153.0;815.0;;547;157.0;182.3;564073.0;818.0;;547;175.0;192.8;565353.0;820.0;;547;200.0;192.3;580713.0;844.0;;174.75;188.7875
548;146.0;188.0;540393.0;781.0;;548;198.0;191.5;574313.0;834.0;;548;161.0;186.1;557673.0;808.0;;548;151.0;185.4;533353.0;770.0;;548;173.0;190.9;563433.0;817.0;;548;154.0;182.0;565353.0;820.0;;548;169.0;192.7;566633.0;822.0;;548;170.0;192.0;581993.0;846.0;;165.25;188.575
549;156.0;187.6;541673.0;783.0;;549;175.0;191.3;575593.0;836.0;;549;153.0;185.7;558953.0;810.0;;549;174.0;185.4;535273.0;773.0;;549;176.0;190.8;564713.0;819.0;;549;176.0;181.8;566633.0;822.0;;549;161.0;192.3;567913.0;824.0;;549;182.0;191.9;583273.0;848.0;;169.125;188.35
550;166.0;187.3;542953.0;785.0;;550;200.0;191.3;577513.0;839.0;;550;188.0;185.6;560233.0;812.0;;550;168.0;185.1;536553.0;775.0;;550;171.0;190.5;565993.0;821.0;;550;200.0;181.8;567913.0;824.0;;550;177.0;192.1;569833.0;827.0;;550;163.0;191.5;584553.0;850.0;;179.125;188.15
551;174.0;187.0;544233.0;787.0;;551;188.0;191.2;578793.0;841.0;;551;158.0;185.2;561513.0;814.0;;551;167.0;185.2;537833.0;777.0;;551;200.0;190.6;567913.0;824.0;;551;176.0;181.6;569833.0;827.0;;551;173.0;192.2;571113.0;829.0;;551;187.0;191.4;586473.0;853.0;;177.875;188.04999999999998
552;164.0;186.6;545513.0;789.0;;552;166.0;190.8;580073.0;843.0;;552;191.0;185.1;562793.0;816.0;;552;164.0;184.8;539113.0;779.0;;552;184.0;190.4;569193.0;826.0;;552;159.0;181.4;571113.0;829.0;;552;200.0;192.2;572393.0;831.0;;552;175.0;191.2;587753.0;855.0;;175.375;187.8125
553;152.0;186.2;546793.0;791.0;;553;200.0;191.2;581993.0;846.0;;553;161.0;184.7;564073.0;818.0;;553;160.0;184.4;540393.0;781.0;;553;186.0;190.3;570473.0;828.0;;553;172.0;181.2;572393.0;831.0;;553;189.0;192.1;574313.0;834.0;;553;177.0;190.9;589033.0;857.0;;174.625;187.625
554;164.0;185.8;548073.0;793.0;;554;200.0;191.2;583273.0;848.0;;554;193.0;184.6;565993.0;821.0;;554;199.0;184.4;541673.0;783.0;;554;197.0;190.3;572393.0;831.0;;554;158.0;180.8;573673.0;833.0;;554;197.0;192.1;575593.0;836.0;;554;200.0;190.9;590953.0;860.0;;188.5;187.5125
555;144.0;185.4;549353.0;795.0;;555;176.0;191.0;584553.0;850.0;;555;172.0;184.4;567273.0;823.0;;555;177.0;184.2;542953.0;785.0;;555;161.0;189.9;573673.0;833.0;;555;186.0;180.9;574953.0;835.0;;555;184.0;191.9;576873.0;838.0;;555;198.0;190.9;592233.0;862.0;;174.75;187.325
556;196.0;185.4;550633.0;797.0;;556;196.0;191.0;586473.0;853.0;;556;192.0;184.5;568553.0;825.0;;556;144.0;184.0;544233.0;787.0;;556;200.0;189.9;574953.0;835.0;;556;185.0;180.8;576233.0;837.0;;556;164.0;191.6;578393.0;840.0;;556;167.0;190.6;593513.0;864.0;;180.5;187.225
557;176.0;185.1;551913.0;799.0;;557;197.0;190.9;587753.0;855.0;;557;168.0;184.1;569833.0;827.0;;557;165.0;183.7;545513.0;789.0;;557;156.0;189.4;576233.0;837.0;;557;164.0;180.9;577513.0;839.0;;557;196.0;191.5;580073.0;843.0;;557;200.0;190.6;595433.0;867.0;;177.75;187.025
558;158.0;184.7;553193.0;801.0;;558;176.0;190.7;589673.0;858.0;;558;171.0;184.2;571593.0;829.0;;558;167.0;183.4;546793.0;791.0;;558;194.0;189.6;578153.0;840.0;;558;158.0;180.5;578793.0;841.0;;558;187.0;191.4;581353.0;845.0;;558;189.0;190.5;596713.0;869.0;;175.0;186.875
559;200.0;184.7;555113.0;804.0;;559;179.0;190.5;590953.0;860.0;;559;154.0;183.8;572473.0;831.0;;559;163.0;183.0;548073.0;793.0;;559;191.0;189.6;579433.0;842.0;;559;180.0;180.3;580713.0;844.0;;559;189.0;191.4;583273.0;848.0;;559;184.0;190.7;597993.0;871.0;;180.0;186.75
560;200.0;184.7;556393.0;806.0;;560;200.0;190.5;592233.0;862.0;;560;161.0;183.4;573673.0;833.0;;560;156.0;182.5;549353.0;795.0;;560;160.0;189.3;580713.0;844.0;;560;146.0;179.7;581353.0;845.0;;560;176.0;191.1;584553.0;850.0;;560;167.0;190.4;599913.0;874.0;;170.75;186.45
561;170.0;184.4;558313.0;809.0;;561;170.0;190.4;593513.0;864.0;;561;163.0;183.0;575193.0;835.0;;561;157.0;182.1;550633.0;797.0;;561;169.0;189.3;581993.0;846.0;;561;155.0;179.3;582633.0;847.0;;561;185.0;191.3;585833.0;852.0;;561;173.0;190.1;601193.0;876.0;;167.75;186.2375
562;165.0;184.2;559593.0;811.0;;562;191.0;190.3;595433.0;867.0;;562;159.0;182.6;576393.0;837.0;;562;177.0;181.9;552553.0;800.0;;562;177.0;189.1;583273.0;848.0;;562;196.0;179.2;584553.0;850.0;;562;200.0;191.3;587753.0;855.0;;562;155.0;189.7;602473.0;878.0;;177.5;186.0375
563;177.0;184.2;560873.0;813.0;;563;157.0;189.9;596713.0;869.0;;563;172.0;182.3;578153.0;840.0;;563;173.0;182.0;553833.0;802.0;;563;174.0;189.0;585193.0;851.0;;563;192.0;179.2;585833.0;852.0;;563;181.0;191.2;589033.0;857.0;;563;174.0;189.4;603753.0;880.0;;175.0;185.9
564;187.0;184.2;562153.0;815.0;;564;176.0;189.6;597993.0;871.0;;564;172.0;182.0;579433.0;842.0;;564;162.0;182.0;555113.0;804.0;;564;194.0;188.9;586473.0;853.0;;564;200.0;179.2;587753.0;855.0;;564;164.0;190.8;590313.0;859.0;;564;161.0;189.1;605033.0;882.0;;177.0;185.725
565;181.0;184.0;563433.0;817.0;;565;181.0;189.4;599273.0;873.0;;565;175.0;181.8;580713.0;844.0;;565;168.0;181.8;556393.0;806.0;;565;172.0;188.8;587753.0;855.0;;565;143.0;178.6;589033.0;857.0;;565;173.0;190.6;591593.0;861.0;;565;158.0;188.7;606313.0;884.0;;168.875;185.4625
566;173.0;183.7;565353.0;820.0;;566;166.0;189.1;600553.0;875.0;;566;172.0;181.5;581993.0;846.0;;566;176.0;181.6;557673.0;808.0;;566;158.0;188.4;589033.0;857.0;;566;160.0;178.6;590313.0;859.0;;566;154.0;190.1;592873.0;863.0;;566;200.0;188.7;607593.0;886.0;;169.875;185.2125
567;173.0;183.5;566633.0;822.0;;567;188.0;189.0;602473.0;878.0;;567;200.0;181.5;583913.0;849.0;;567;154.0;181.2;558953.0;810.0;;567;172.0;188.1;590313.0;859.0;;567;190.0;178.5;591593.0;861.0;;567;171.0;189.8;594153.0;865.0;;567;200.0;188.7;609513.0;889.0;;181.0;185.0375
568;182.0;183.3;567913.0;824.0;;568;188.0;188.9;603753.0;880.0;;568;181.0;181.5;585193.0;851.0;;568;200.0;181.2;560233.0;812.0;;568;150.0;187.6;591593.0;861.0;;568;169.0;178.2;592873.0;863.0;;568;168.0;189.5;595433.0;867.0;;568;171.0;188.4;610793.0;891.0;;176.125;184.825
569;165.0;182.9;569193.0;826.0;;569;200.0;188.9;605433.0;882.0;;569;200.0;181.5;586473.0;853.0;;569;151.0;180.8;561513.0;814.0;;569;155.0;187.3;592873.0;863.0;;569;170.0;177.9;594153.0;865.0;;569;178.0;189.3;597353.0;870.0;;569;158.0;188.0;612073.0;893.0;;172.125;184.57500000000002
570;149.0;182.4;570473.0;828.0;;570;176.0;188.6;606953.0;885.0;;570;166.0;181.2;588153.0;855.0;;570;200.0;180.8;563433.0;817.0;;570;200.0;187.3;594793.0;866.0;;570;159.0;177.8;595433.0;867.0;;570;175.0;189.3;598633.0;872.0;;570;159.0;187.6;613353.0;895.0;;173.0;184.375
571;166.0;182.1;571753.0;830.0;;571;178.0;188.5;608233.0;887.0;;571;180.0;181.0;589673.0;858.0;;571;155.0;180.3;564713.0;819.0;;571;200.0;187.3;596073.0;868.0;;571;197.0;177.8;597353.0;870.0;;571;189.0;189.2;599913.0;874.0;;571;151.0;187.1;614633.0;897.0;;177.0;184.1625
572;158.0;181.7;573033.0;832.0;;572;195.0;188.5;609513.0;889.0;;572;170.0;180.7;590953.0;860.0;;572;165.0;180.2;565993.0;821.0;;572;161.0;186.9;597353.0;870.0;;572;177.0;177.8;598633.0;872.0;;572;187.0;189.2;601193.0;876.0;;572;159.0;186.7;615913.0;899.0;;171.5;183.9625
573;200.0;181.7;574953.0;835.0;;573;180.0;188.3;611433.0;892.0;;573;180.0;180.5;592233.0;862.0;;573;172.0;179.9;567273.0;823.0;;573;179.0;186.7;598633.0;872.0;;573;150.0;177.4;599913.0;874.0;;573;174.0;189.0;603113.0;879.0;;573;200.0;186.7;617193.0;901.0;;179.375;183.775
574;166.0;181.4;576233.0;837.0;;574;176.0;188.2;612713.0;894.0;;574;200.0;180.5;594153.0;865.0;;574;171.0;179.6;568553.0;825.0;;574;180.0;186.5;600553.0;875.0;;574;179.0;177.1;601193.0;876.0;;574;154.0;188.5;604393.0;881.0;;574;200.0;186.7;619113.0;904.0;;178.25;183.5625
575;154.0;180.9;577513.0;839.0;;575;157.0;187.7;613993.0;896.0;;575;200.0;180.7;595433.0;867.0;;575;166.0;179.3;569833.0;827.0;;575;189.0;186.4;601833.0;877.0;;575;180.0;176.9;602473.0;878.0;;575;172.0;188.2;605673.0;883.0;;575;186.0;186.5;620393.0;906.0;;175.5;183.325
576;148.0;180.4;578153.0;840.0;;576;176.0;187.5;615273.0;898.0;;576;200.0;180.8;597353.0;870.0;;576;162.0;179.0;571113.0;829.0;;576;183.0;186.2;603113.0;879.0;;576;200.0;177.3;604393.0;881.0;;576;162.0;187.9;606953.0;885.0;;576;179.0;186.3;621673.0;908.0;;176.25;183.175
577;200.0;180.8;580073.0;843.0;;577;171.0;187.3;616553.0;900.0;;577;186.0;180.7;598633.0;872.0;;577;156.0;178.6;572393.0;831.0;;577;157.0;185.8;604393.0;881.0;;577;200.0;177.4;605673.0;883.0;;577;200.0;188.0;608233.0;887.0;;577;175.0;186.1;623593.0;911.0;;180.625;183.0875
578;157.0;180.3;581353.0;845.0;;578;200.0;187.5;618473.0;903.0;;578;166.0;180.3;599913.0;874.0;;578;174.0;178.3;573673.0;833.0;;578;173.0;185.9;605673.0;883.0;;578;158.0;177.4;606953.0;885.0;;578;174.0;187.7;609513.0;889.0;;578;179.0;185.9;624873.0;913.0;;172.625;182.9125
579;172.0;180.4;582633.0;847.0;;579;157.0;187.0;619753.0;905.0;;579;168.0;180.0;601193.0;876.0;;579;200.0;178.3;575593.0;836.0;;579;152.0;185.4;606953.0;885.0;;579;175.0;177.1;608233.0;887.0;;579;192.0;187.6;611433.0;892.0;;579;176.0;185.6;626153.0;915.0;;174.0;182.675
580;200.0;180.7;583913.0;849.0;;580;173.0;186.8;621033.0;907.0;;580;162.0;179.8;602473.0;878.0;;580;159.0;177.9;576873.0;838.0;;580;168.0;185.1;608233.0;887.0;;580;155.0;176.7;609513.0;889.0;;580;159.0;187.2;612713.0;894.0;;580;194.0;185.6;627433.0;917.0;;171.25;182.475
581;200.0;180.8;585833.0;852.0;;581;152.0;186.3;622313.0;909.0;;581;200.0;179.8;604393.0;881.0;;581;162.0;177.6;578153.0;840.0;;581;171.0;184.8;609513.0;889.0;;581;174.0;176.6;610793.0;891.0;;581;165.0;186.9;613993.0;896.0;;581;185.0;185.5;629353.0;920.0;;176.125;182.2875
582;193.0;180.8;587113.0;854.0;;582;193.0;186.6;623593.0;911.0;;582;200.0;180.0;605673.0;883.0;;582;174.0;177.3;579433.0;842.0;;582;171.0;184.8;611433.0;892.0;;582;162.0;176.2;612073.0;893.0;;582;167.0;187.0;615273.0;898.0;;582;184.0;185.3;630633.0;922.0;;180.5;182.25
583;151.0;180.3;588393.0;856.0;;583;170.0;186.3;624873.0;913.0;;583;164.0;179.8;606953.0;885.0;;583;169.0;177.1;580713.0;844.0;;583;199.0;184.8;612713.0;894.0;;583;187.0;176.1;613993.0;896.0;;583;179.0;186.8;616553.0;900.0;;583;151.0;184.8;631913.0;924.0;;171.25;182.0
584;153.0;179.8;589673.0;858.0;;584;156.0;185.9;626153.0;915.0;;584;169.0;179.5;608233.0;887.0;;584;161.0;176.8;581993.0;846.0;;584;175.0;184.8;613993.0;896.0;;584;198.0;176.1;615273.0;898.0;;584;200.0;186.8;618473.0;903.0;;584;176.0;184.6;633193.0;926.0;;173.5;181.7875
585;164.0;179.4;590953.0;860.0;;585;169.0;185.7;627433.0;917.0;;585;178.0;179.5;609913.0;889.0;;585;177.0;176.6;583273.0;848.0;;585;161.0;184.6;615273.0;898.0;;585;169.0;175.8;616553.0;900.0;;585;186.0;186.8;619753.0;905.0;;585;165.0;184.2;634473.0;928.0;;171.125;181.575
586;155.0;179.0;592233.0;862.0;;586;168.0;185.4;628713.0;919.0;;586;185.0;179.4;611433.0;892.0;;586;200.0;176.6;585193.0;851.0;;586;181.0;184.5;617193.0;901.0;;586;186.0;175.9;618473.0;903.0;;586;200.0;186.8;621033.0;907.0;;586;167.0;184.1;635753.0;930.0;;180.25;181.4625
587;190.0;178.9;594153.0;865.0;;587;169.0;185.1;629993.0;921.0;;587;200.0;179.4;612713.0;894.0;;587;198.0;176.6;586473.0;853.0;;587;172.0;184.2;618473.0;903.0;;587;189.0;175.8;619753.0;905.0;;587;179.0;186.6;622953.0;910.0;;587;179.0;183.9;637033.0;932.0;;184.5;181.3125
588;188.0;179.0;595433.0;867.0;;588;161.0;184.7;631273.0;923.0;;588;200.0;179.6;614633.0;897.0;;588;177.0;176.8;588393.0;856.0;;588;176.0;184.1;619753.0;905.0;;588;200.0;176.3;621673.0;908.0;;588;197.0;186.8;624233.0;912.0;;588;191.0;183.8;638953.0;935.0;;186.25;181.3875
589;200.0;179.0;596713.0;869.0;;589;165.0;184.4;632793.0;925.0;;589;200.0;179.6;615913.0;899.0;;589;142.0;176.2;589033.0;857.0;;589;177.0;183.9;621033.0;907.0;;589;200.0;176.6;622953.0;910.0;;589;200.0;186.8;626153.0;915.0;;589;166.0;183.5;640233.0;937.0;;181.25;181.25
590;152.0;178.5;597993.0;871.0;;590;192.0;184.4;634473.0;928.0;;590;183.0;179.4;617833.0;902.0;;590;162.0;176.3;590313.0;859.0;;590;193.0;183.8;622953.0;910.0;;590;187.0;176.6;624233.0;912.0;;590;164.0;186.4;627433.0;917.0;;590;170.0;183.2;641513.0;939.0;;175.375;181.075
591;181.0;178.4;599913.0;874.0;;591;163.0;184.0;635753.0;930.0;;591;152.0;179.0;618793.0;903.0;;591;154.0;176.1;591593.0;861.0;;591;193.0;183.7;624233.0;912.0;;591;194.0;176.5;626153.0;915.0;;591;164.0;186.2;628713.0;919.0;;591;151.0;182.8;642793.0;941.0;;169.0;180.8375
592;163.0;178.0;601193.0;876.0;;592;169.0;183.7;637033.0;932.0;;592;165.0;178.7;620393.0;906.0;;592;192.0;176.1;593513.0;864.0;;592;166.0;183.6;625513.0;914.0;;592;190.0;176.7;627433.0;917.0;;592;194.0;186.1;629993.0;921.0;;592;189.0;183.0;644073.0;943.0;;178.5;180.73749999999998
593;157.0;177.6;602473.0;878.0;;593;172.0;183.4;638313.0;934.0;;593;200.0;179.0;621673.0;908.0;;593;170.0;175.8;594793.0;866.0;;593;165.0;183.6;626793.0;916.0;;593;153.0;176.4;628713.0;919.0;;593;144.0;185.8;631273.0;923.0;;593;158.0;182.6;645353.0;945.0;;164.875;180.525
594;200.0;177.8;603753.0;880.0;;594;200.0;183.4;640233.0;937.0;;594;200.0;179.2;623593.0;911.0;;594;172.0;175.7;596073.0;868.0;;594;157.0;183.3;628073.0;918.0;;594;175.0;176.4;629993.0;921.0;;594;172.0;185.6;632553.0;925.0;;594;164.0;182.2;646633.0;947.0;;180.0;180.45
595;200.0;177.8;605673.0;883.0;;595;155.0;183.0;641513.0;939.0;;595;200.0;179.5;624873.0;913.0;;595;179.0;175.7;597353.0;870.0;;595;157.0;182.9;629353.0;920.0;;595;192.0;176.4;631913.0;924.0;;595;155.0;185.1;633833.0;927.0;;595;163.0;182.3;647913.0;949.0;;175.125;180.3375
596;199.0;178.2;606953.0;885.0;;596;165.0;182.8;642793.0;941.0;;596;186.0;179.6;626153.0;915.0;;596;189.0;175.8;599273.0;873.0;;596;147.0;182.4;630633.0;922.0;;596;190.0;176.7;633193.0;926.0;;596;144.0;184.7;635113.0;929.0;;596;154.0;181.8;649193.0;951.0;;171.75;180.25
597;174.0;178.3;608233.0;887.0;;597;161.0;182.4;644073.0;943.0;;597;181.0;179.6;628073.0;918.0;;597;147.0;175.3;599913.0;874.0;;597;166.0;182.1;631913.0;924.0;;597;200.0;176.9;635113.0;929.0;;597;180.0;184.5;636393.0;931.0;;597;157.0;181.4;650473.0;953.0;;170.75;180.0625
598;168.0;178.2;609513.0;889.0;;598;160.0;182.2;645353.0;945.0;;598;186.0;179.6;629353.0;920.0;;598;162.0;174.9;601193.0;876.0;;598;161.0;181.7;633193.0;926.0;;598;166.0;176.6;636393.0;931.0;;598;168.0;184.2;637673.0;933.0;;598;138.0;181.2;651753.0;955.0;;163.625;179.825
599;174.0;178.1;611433.0;892.0;;599;167.0;182.0;646633.0;947.0;;599;179.0;179.7;630633.0;922.0;;599;164.0;174.8;602473.0;878.0;;599;158.0;181.6;634473.0;928.0;;599;181.0;176.6;637673.0;933.0;;599;191.0;184.1;639593.0;936.0;;599;154.0;180.7;653033.0;957.0;;171.0;179.7
600;164.0;177.7;612713.0;894.0;;600;196.0;182.0;647913.0;949.0;;600;200.0;180.0;632553.0;925.0;;600;172.0;174.5;604393.0;881.0;;600;152.0;181.1;635753.0;930.0;;600;189.0;176.6;638953.0;935.0;;600;162.0;183.9;640873.0;938.0;;600;169.0;180.5;654313.0;959.0;;175.5;179.5375
601;161.0;177.3;613993.0;896.0;;601;164.0;181.6;649193.0;951.0;;601;183.0;179.9;633833.0;927.0;;601;166.0;174.2;605673.0;883.0;;601;178.0;180.8;637033.0;932.0;;601;171.0;176.3;640233.0;937.0;;601;147.0;183.4;641513.0;939.0;;601;183.0;180.6;655593.0;961.0;;169.125;179.2625
602;164.0;177.0;615273.0;898.0;;602;161.0;181.2;650473.0;953.0;;602;192.0;180.3;635113.0;929.0;;602;172.0;174.0;606953.0;885.0;;602;188.0;180.7;638313.0;934.0;;602;176.0;176.2;642153.0;940.0;;602;166.0;183.0;643433.0;942.0;;602;179.0;180.4;657513.0;964.0;;174.75;179.1
603;159.0;176.6;616553.0;900.0;;603;172.0;180.9;651753.0;955.0;;603;194.0;180.2;637033.0;932.0;;603;168.0;174.0;608233.0;887.0;;603;169.0;180.4;639593.0;936.0;;603;157.0;176.1;643433.0;942.0;;603;167.0;182.7;644713.0;944.0;;603;168.0;180.3;658793.0;966.0;;169.25;178.9
604;172.0;176.3;617833.0;902.0;;604;147.0;180.4;653033.0;957.0;;604;168.0;180.5;638313.0;934.0;;604;168.0;174.0;609513.0;889.0;;604;164.0;180.1;641513.0;939.0;;604;200.0;176.2;644713.0;944.0;;604;178.0;182.7;645993.0;946.0;;604;163.0;180.0;660073.0;968.0;;170.0;178.775
605;150.0;175.8;619113.0;904.0;;605;176.0;180.2;654313.0;959.0;;605;200.0;180.6;639993.0;936.0;;605;152.0;173.5;610793.0;891.0;;605;157.0;179.7;642793.0;941.0;;605;200.0;176.5;646633.0;947.0;;605;183.0;182.6;647273.0;948.0;;605;161.0;179.9;661353.0;970.0;;172.375;178.6
606;146.0;175.2;619753.0;905.0;;606;176.0;180.1;656233.0;962.0;;606;200.0;180.8;641513.0;939.0;;606;170.0;173.2;612073.0;893.0;;606;148.0;179.2;643433.0;942.0;;606;159.0;176.2;647913.0;949.0;;606;187.0;182.4;648553.0;950.0;;606;179.0;179.9;662633.0;972.0;;170.625;178.375
607;149.0;175.2;621033.0;907.0;;607;200.0;180.2;657513.0;964.0;;607;184.0;180.7;642793.0;941.0;;607;190.0;173.1;613433.0;895.0;;607;164.0;179.1;644713.0;944.0;;607;195.0;176.2;649193.0;951.0;;607;161.0;182.1;649833.0;952.0;;607;141.0;179.3;663913.0;974.0;;173.0;178.23749999999998
608;188.0;175.4;622953.0;910.0;;608;178.0;180.4;658793.0;966.0;;608;182.0;180.9;644073.0;943.0;;608;158.0;172.7;614633.0;897.0;;608;152.0;178.6;645993.0;946.0;;608;187.0;176.4;650473.0;953.0;;608;183.0;181.9;651753.0;955.0;;608;154.0;178.8;665193.0;976.0;;172.75;178.1375
609;163.0;175.2;624233.0;912.0;;609;148.0;179.9;660073.0;968.0;;609;185.0;181.2;645993.0;946.0;;609;190.0;172.6;616553.0;900.0;;609;178.0;178.4;647913.0;949.0;;609;200.0;176.7;652393.0;956.0;;609;151.0;181.4;653033.0;957.0;;609;180.0;178.7;666473.0;978.0;;174.375;178.0125
610;177.0;175.0;625513.0;914.0;;610;161.0;179.5;661353.0;970.0;;610;198.0;181.2;647273.0;948.0;;610;157.0;172.3;617833.0;902.0;;610;177.0;178.2;649193.0;951.0;;610;200.0;176.9;653673.0;958.0;;610;170.0;181.4;654313.0;959.0;;610;167.0;178.4;667753.0;980.0;;175.875;177.8625
611;168.0;175.0;626793.0;916.0;;611;156.0;179.0;662633.0;972.0;;611;181.0;181.4;649193.0;951.0;;611;164.0;172.0;619113.0;904.0;;611;147.0;177.7;650473.0;953.0;;611;169.0;176.8;654953.0;960.0;;611;196.0;181.5;655593.0;961.0;;611;168.0;178.1;669033.0;982.0;;168.625;177.6875
612;167.0;174.7;628073.0;918.0;;612;176.0;178.8;664073.0;974.0;;612;176.0;181.2;650473.0;953.0;;612;166.0;171.8;620393.0;906.0;;612;149.0;177.2;651113.0;954.0;;612;175.0;176.7;656873.0;963.0;;612;171.0;181.3;656873.0;963.0;;612;161.0;177.7;670313.0;984.0;;167.625;177.425
613;157.0;174.6;629353.0;920.0;;613;155.0;178.8;665193.0;976.0;;613;182.0;181.3;651753.0;955.0;;613;177.0;171.7;621673.0;908.0;;613;155.0;177.0;652393.0;956.0;;613;176.0;176.9;658153.0;965.0;;613;164.0;181.0;658153.0;965.0;;613;155.0;177.2;671593.0;986.0;;165.125;177.3125
614;161.0;174.2;630633.0;922.0;;614;182.0;178.6;667113.0;979.0;;614;195.0;181.5;653033.0;957.0;;614;170.0;171.4;622953.0;910.0;;614;146.0;176.9;653673.0;958.0;;614;176.0;177.1;659433.0;967.0;;614;161.0;180.6;659433.0;967.0;;614;169.0;177.2;672873.0;988.0;;170.0;177.1875
615;171.0;173.9;631913.0;924.0;;615;159.0;178.3;668393.0;981.0;;615;173.0;181.2;654953.0;960.0;;615;155.0;171.0;624233.0;912.0;;615;166.0;176.7;654953.0;960.0;;615;200.0;177.6;661353.0;970.0;;615;170.0;180.3;661353.0;970.0;;615;171.0;177.2;674153.0;990.0;;170.625;177.025
616;168.0;173.8;633193.0;926.0;;616;174.0;178.1;669673.0;983.0;;616;171.0;181.4;656233.0;962.0;;616;174.0;171.2;625513.0;914.0;;616;157.0;176.5;656233.0;962.0;;616;183.0;177.9;662633.0;972.0;;616;154.0;179.9;661993.0;971.0;;616;164.0;177.0;675433.0;992.0;;168.125;176.975
617;174.0;173.6;635113.0;929.0;;617;200.0;178.1;670953.0;985.0;;617;187.0;181.5;657513.0;964.0;;617;155.0;170.9;626793.0;916.0;;617;176.0;176.3;657513.0;964.0;;617;154.0;177.9;663913.0;974.0;;617;153.0;179.6;663273.0;973.0;;617;173.0;176.7;676713.0;994.0;;171.5;176.825
618;181.0;173.6;636393.0;931.0;;618;163.0;178.0;672233.0;987.0;;618;179.0;181.6;658793.0;966.0;;618;168.0;170.7;628073.0;918.0;;618;153.0;175.8;658793.0;966.0;;618;181.0;178.0;665193.0;976.0;;618;154.0;179.1;664553.0;975.0;;618;158.0;176.3;677993.0;996.0;;167.125;176.6375
619;200.0;173.6;637673.0;933.0;;619;177.0;177.9;674153.0;990.0;;619;158.0;181.2;660073.0;968.0;;619;163.0;170.5;629353.0;920.0;;619;159.0;175.4;660073.0;968.0;;619;199.0;178.3;667113.0;979.0;;619;165.0;178.7;665833.0;977.0;;619;160.0;175.9;679273.0;998.0;;172.625;176.4375
620;185.0;173.7;639593.0;936.0;;620;172.0;177.8;675433.0;992.0;;620;161.0;181.1;661353.0;970.0;;620;172.0;170.4;631273.0;923.0;;620;185.0;175.3;661993.0;971.0;;620;158.0;177.8;667753.0;980.0;;620;150.0;178.4;667113.0;979.0;;620;144.0;175.3;680553.0;1000.0;;165.875;176.225
621;163.0;173.6;640873.0;938.0;;621;132.0;177.1;676073.0;993.0;;621;172.0;180.9;662633.0;972.0;;621;200.0;170.7;632553.0;925.0;;621;144.0;174.7;662633.0;972.0;;621;165.0;177.5;669673.0;983.0;;621;179.0;178.3;669033.0;982.0;;621;147.0;174.8;681833.0;1002.0;;162.75;175.95
622;162.0;173.3;642153.0;940.0;;622;146.0;176.6;677353.0;995.0;;622;166.0;181.0;664553.0;975.0;;622;200.0;170.8;634473.0;928.0;;622;149.0;174.2;663913.0;974.0;;622;156.0;177.5;670313.0;984.0;;622;171.0;178.0;670313.0;984.0;;622;162.0;174.4;683113.0;1004.0;;164.0;175.725
623;178.0;173.1;643433.0;942.0;;623;156.0;176.2;678633.0;997.0;;623;198.0;181.2;665833.0;977.0;;623;200.0;171.0;635753.0;930.0;;623;151.0;173.7;665193.0;976.0;;623;161.0;177.3;672233.0;987.0;;623;145.0;177.6;670953.0;985.0;;623;152.0;174.0;684393.0;1006.0;;167.625;175.5125
624;200.0;173.1;644713.0;944.0;;624;155.0;175.7;679913.0;999.0;;624;200.0;181.6;667113.0;979.0;;624;178.0;171.2;637033.0;932.0;;624;174.0;174.0;666473.0;978.0;;624;188.0;177.6;673513.0;989.0;;624;153.0;177.1;672233.0;987.0;;624;145.0;173.4;685673.0;1008.0;;174.125;175.4625
625;154.0;172.6;645993.0;946.0;;625;148.0;175.2;681193.0;1001.0;;625;184.0;181.7;669033.0;982.0;;625;166.0;171.0;638313.0;934.0;;625;158.0;174.1;667753.0;980.0;;625;176.0;177.5;674793.0;991.0;;625;172.0;176.8;674153.0;990.0;;625;190.0;173.5;686953.0;1010.0;;168.5;175.3
626;200.0;172.8;647913.0;949.0;;626;183.0;175.0;682473.0;1003.0;;626;200.0;181.7;670313.0;984.0;;626;175.0;170.8;640233.0;937.0;;626;148.0;173.8;669033.0;982.0;;626;200.0;177.7;676713.0;994.0;;626;189.0;176.7;675433.0;992.0;;626;179.0;173.3;688233.0;1012.0;;184.25;175.225
627;186.0;172.7;649193.0;951.0;;627;158.0;174.7;683753.0;1005.0;;627;200.0;181.7;672233.0;987.0;;627;193.0;170.8;641513.0;939.0;;627;170.0;173.6;670313.0;984.0;;627;190.0;177.7;677993.0;996.0;;627;181.0;176.5;676713.0;994.0;;627;183.0;173.1;690153.0;1015.0;;182.625;175.1
628;185.0;172.7;650473.0;953.0;;628;150.0;174.5;685033.0;1007.0;;628;200.0;181.7;673513.0;989.0;;628;199.0;171.2;642793.0;941.0;;628;177.0;173.6;672233.0;987.0;;628;154.0;177.3;679273.0;998.0;;628;157.0;176.1;677993.0;996.0;;628;164.0;172.8;691433.0;1017.0;;173.25;174.9875
629;186.0;173.0;652393.0;956.0;;629;158.0;174.3;686313.0;1009.0;;629;165.0;181.5;674793.0;991.0;;629;200.0;171.5;644713.0;944.0;;629;170.0;173.3;673513.0;989.0;;629;156.0;177.2;680553.0;1000.0;;629;137.0;175.5;679273.0;998.0;;629;179.0;173.0;692713.0;1019.0;;168.875;174.9125
630;179.0;173.1;653673.0;958.0;;630;158.0;174.2;687593.0;1011.0;;630;191.0;181.4;676713.0;994.0;;630;181.0;171.8;645993.0;946.0;;630;143.0;172.8;674153.0;990.0;;630;178.0;177.4;681833.0;1002.0;;630;157.0;175.2;680553.0;1000.0;;630;169.0;172.7;693993.0;1021.0;;169.5;174.825
631;200.0;173.5;654953.0;960.0;;631;159.0;174.2;688873.0;1013.0;;631;185.0;181.7;677993.0;996.0;;631;164.0;171.4;647273.0;948.0;;631;144.0;172.2;675433.0;992.0;;631;174.0;177.4;683113.0;1004.0;;631;152.0;175.0;681833.0;1002.0;;631;167.0;172.4;695273.0;1023.0;;168.125;174.725
632;166.0;173.5;656873.0;963.0;;632;148.0;173.8;690153.0;1015.0;;632;200.0;182.0;679913.0;999.0;;632;168.0;171.4;648553.0;950.0;;632;161.0;171.8;676713.0;994.0;;632;170.0;177.1;684393.0;1006.0;;632;150.0;174.9;683113.0;1004.0;;632;162.0;172.3;696553.0;1025.0;;165.625;174.6
633;179.0;173.8;658153.0;965.0;;633;162.0;173.4;691433.0;1017.0;;633;183.0;181.8;681193.0;1001.0;;633;192.0;171.5;650473.0;953.0;;633;154.0;171.5;677993.0;996.0;;633;191.0;177.2;686313.0;1009.0;;633;144.0;174.4;683753.0;1005.0;;633;171.0;172.2;697833.0;1027.0;;172.0;174.475
634;194.0;174.0;659433.0;967.0;;634;199.0;173.4;692713.0;1019.0;;634;163.0;181.5;682473.0;1003.0;;634;188.0;171.4;651753.0;955.0;;634;143.0;171.2;679273.0;998.0;;634;186.0;177.2;687593.0;1011.0;;634;161.0;174.0;685033.0;1007.0;;634;158.0;172.2;699113.0;1029.0;;174.0;174.3625
635;196.0;173.9;661353.0;970.0;;635;162.0;173.2;693993.0;1021.0;;635;184.0;181.4;683753.0;1005.0;;635;200.0;171.6;653673.0;958.0;;635;168.0;170.9;680553.0;1000.0;;635;155.0;177.2;688873.0;1013.0;;635;149.0;173.5;686313.0;1009.0;;635;155.0;171.7;700393.0;1031.0;;171.125;174.175
636;199.0;173.9;662633.0;972.0;;636;184.0;173.2;695913.0;1024.0;;636;164.0;181.2;685033.0;1007.0;;636;178.0;171.7;654953.0;960.0;;636;164.0;170.5;681833.0;1002.0;;636;163.0;177.0;690153.0;1015.0;;636;164.0;173.2;687593.0;1011.0;;636;158.0;171.3;701673.0;1033.0;;171.75;174.0
637;200.0;174.1;664553.0;975.0;;637;155.0;173.0;697193.0;1026.0;;637;155.0;181.0;686313.0;1009.0;;637;193.0;172.2;656233.0;962.0;;637;165.0;170.2;683113.0;1004.0;;637;145.0;176.4;691433.0;1017.0;;637;194.0;173.1;689513.0;1014.0;;637;145.0;170.7;702953.0;1035.0;;169.0;173.8375
638;186.0;174.1;665833.0;977.0;;638;160.0;172.9;698473.0;1028.0;;638;191.0;181.2;688233.0;1012.0;;638;172.0;172.2;657513.0;964.0;;638;162.0;169.8;684393.0;1006.0;;638;153.0;176.3;692713.0;1019.0;;638;199.0;173.4;690793.0;1016.0;;638;156.0;170.7;704233.0;1037.0;;172.375;173.825
639;200.0;174.2;667113.0;979.0;;639;155.0;172.5;699753.0;1030.0;;639;200.0;181.5;689513.0;1014.0;;639;173.0;172.0;659433.0;967.0;;639;166.0;169.5;685673.0;1008.0;;639;200.0;176.5;693993.0;1021.0;;639;173.0;173.1;692073.0;1018.0;;639;172.0;170.4;705513.0;1039.0;;179.875;173.7125
640;165.0;174.0;669033.0;982.0;;640;154.0;172.2;700393.0;1031.0;;640;200.0;181.5;691433.0;1017.0;;640;200.0;172.2;660713.0;969.0;;640;186.0;169.6;687593.0;1011.0;;640;200.0;176.9;695913.0;1024.0;;640;184.0;173.0;693993.0;1021.0;;640;169.0;170.1;706793.0;1041.0;;182.25;173.6875
641;167.0;174.0;670313.0;984.0;;641;165.0;171.9;702313.0;1034.0;;641;200.0;181.5;692713.0;1019.0;;641;181.0;172.4;661993.0;971.0;;641;142.0;169.2;688233.0;1012.0;;641;197.0;177.2;697193.0;1026.0;;641;186.0;172.8;695273.0;1023.0;;641;176.0;170.1;708073.0;1043.0;;176.75;173.6375
642;162.0;173.8;671593.0;986.0;;642;142.0;171.7;702953.0;1035.0;;642;160.0;181.2;693993.0;1021.0;;642;199.0;172.6;663913.0;974.0;;642;178.0;169.3;690153.0;1015.0;;642;153.0;177.1;698473.0;1028.0;;642;172.0;172.8;696553.0;1025.0;;642;169.0;170.0;709993.0;1046.0;;166.875;173.5625
643;188.0;173.7;672873.0;988.0;;643;142.0;171.2;704233.0;1037.0;;643;200.0;181.4;695913.0;1024.0;;643;162.0;172.4;665193.0;976.0;;643;196.0;169.5;691433.0;1017.0;;643;168.0;177.0;699753.0;1030.0;;643;164.0;172.4;697833.0;1027.0;;643;169.0;170.1;711273.0;1048.0;;173.625;173.4625
644;196.0;174.0;674153.0;990.0;;644;148.0;171.1;705513.0;1039.0;;644;175.0;181.5;697193.0;1026.0;;644;200.0;172.7;666473.0;978.0;;644;188.0;169.4;692713.0;1019.0;;644;170.0;176.8;701033.0;1032.0;;644;146.0;172.4;699113.0;1029.0;;644;156.0;170.0;712553.0;1050.0;;172.375;173.4875
645;161.0;174.0;675433.0;992.0;;645;168.0;171.0;706793.0;1041.0;;645;165.0;181.3;698473.0;1028.0;;645;185.0;172.9;668393.0;981.0;;645;169.0;169.1;694633.0;1022.0;;645;163.0;176.7;702313.0;1034.0;;645;158.0;172.0;700393.0;1031.0;;645;151.0;169.8;713833.0;1052.0;;165.0;173.35
646;192.0;174.2;677353.0;995.0;;646;169.0;170.9;708073.0;1043.0;;646;164.0;181.2;699753.0;1030.0;;646;164.0;173.1;669673.0;983.0;;646;169.0;169.2;695913.0;1024.0;;646;163.0;176.5;703593.0;1036.0;;646;162.0;171.9;701673.0;1033.0;;646;187.0;169.9;715113.0;1054.0;;171.25;173.3625
647;156.0;174.3;678633.0;997.0;;647;174.0;171.0;709353.0;1045.0;;647;180.0;181.2;701033.0;1032.0;;647;177.0;173.2;670953.0;985.0;;647;168.0;168.8;697193.0;1026.0;;647;186.0;176.8;705513.0;1039.0;;647;158.0;171.7;702953.0;1035.0;;647;165.0;169.5;716393.0;1056.0;;170.5;173.3125
648;181.0;174.6;679913.0;999.0;;648;183.0;170.8;711273.0;1048.0;;648;190.0;181.5;702473.0;1034.0;;648;200.0;173.7;672233.0;987.0;;648;145.0;168.6;698473.0;1028.0;;648;170.0;176.9;706793.0;1041.0;;648;163.0;171.7;704233.0;1037.0;;648;144.0;169.3;717673.0;1058.0;;172.0;173.3875
649;192.0;175.0;681193.0;1001.0;;649;150.0;170.6;712233.0;1049.0;;649;168.0;181.6;704233.0;1037.0;;649;177.0;173.7;674153.0;990.0;;649;140.0;168.2;699113.0;1029.0;;649;179.0;177.0;708073.0;1043.0;;649;150.0;171.6;705513.0;1039.0;;649;159.0;169.0;718953.0;1060.0;;164.375;173.3375
650;200.0;175.3;683113.0;1004.0;;650;194.0;170.5;713833.0;1052.0;;650;200.0;181.7;705513.0;1039.0;;650;173.0;173.8;675433.0;992.0;;650;156.0;168.1;700393.0;1031.0;;650;194.0;176.9;709993.0;1046.0;;650;167.0;171.5;706793.0;1041.0;;650;166.0;169.1;720233.0;1062.0;;181.25;173.3625
651;182.0;175.4;684393.0;1006.0;;651;151.0;170.1;715113.0;1054.0;;651;200.0;182.2;707433.0;1042.0;;651;159.0;173.7;676713.0;994.0;;651;171.0;167.8;701673.0;1033.0;;651;168.0;176.8;711273.0;1048.0;;651;145.0;171.2;708073.0;1043.0;;651;166.0;168.8;721513.0;1064.0;;167.75;173.25
652;172.0;175.5;685673.0;1008.0;;652;158.0;170.1;716393.0;1056.0;;652;200.0;182.2;708713.0;1044.0;;652;161.0;173.6;677993.0;996.0;;652;153.0;167.5;702953.0;1035.0;;652;200.0;177.2;712553.0;1050.0;;652;177.0;171.0;709353.0;1045.0;;652;155.0;168.6;722793.0;1066.0;;172.0;173.2125
653;187.0;175.8;687593.0;1011.0;;653;156.0;169.6;717673.0;1058.0;;653;200.0;182.6;710633.0;1047.0;;653;184.0;173.9;679273.0;998.0;;653;181.0;167.4;704873.0;1038.0;;653;176.0;177.3;713833.0;1052.0;;653;189.0;171.0;710633.0;1047.0;;653;177.0;168.6;724073.0;1068.0;;181.25;173.275
654;153.0;175.7;688873.0;1013.0;;654;165.0;169.3;718953.0;1060.0;;654;200.0;182.7;711913.0;1049.0;;654;156.0;173.5;680553.0;1000.0;;654;168.0;167.1;706153.0;1040.0;;654;200.0;177.7;715753.0;1055.0;;654;200.0;171.0;712553.0;1050.0;;654;168.0;168.3;725353.0;1070.0;;176.25;173.1625
655;200.0;176.3;690153.0;1015.0;;655;175.0;169.3;720233.0;1062.0;;655;179.0;182.8;713193.0;1051.0;;655;185.0;173.5;681833.0;1002.0;;655;174.0;167.2;707433.0;1042.0;;655;196.0;177.8;717033.0;1057.0;;655;164.0;170.8;713833.0;1052.0;;655;151.0;167.9;726633.0;1072.0;;178.0;173.20000000000002
656;200.0;176.3;692073.0;1018.0;;656;159.0;168.9;721513.0;1064.0;;656;188.0;182.7;715113.0;1054.0;;656;184.0;173.9;683753.0;1005.0;;656;150.0;166.8;708713.0;1044.0;;656;180.0;177.8;718953.0;1060.0;;656;153.0;170.7;715113.0;1054.0;;656;160.0;167.8;727913.0;1074.0;;171.75;173.1125
657;200.0;176.6;693353.0;1020.0;;657;147.0;168.4;722793.0;1066.0;;657;200.0;183.0;716393.0;1056.0;;657;182.0;174.1;685033.0;1007.0;;657;160.0;166.8;709993.0;1046.0;;657;181.0;177.9;720233.0;1062.0;;657;159.0;170.3;716393.0;1056.0;;657;170.0;167.5;729193.0;1076.0;;174.875;173.075
658;191.0;176.9;695273.0;1023.0;;658;148.0;168.1;724073.0;1068.0;;658;151.0;182.8;717673.0;1058.0;;658;159.0;174.0;686313.0;1009.0;;658;185.0;166.7;711273.0;1048.0;;658;200.0;178.3;721513.0;1064.0;;658;167.0;170.1;717673.0;1058.0;;658;157.0;167.2;730473.0;1078.0;;169.75;173.0125
659;182.0;176.7;696553.0;1025.0;;659;189.0;168.2;725353.0;1070.0;;659;178.0;183.1;718953.0;1060.0;;659;200.0;174.4;687593.0;1011.0;;659;185.0;166.6;712553.0;1050.0;;659;159.0;178.1;722793.0;1066.0;;659;154.0;169.8;718953.0;1060.0;;659;154.0;166.9;731753.0;1080.0;;175.125;172.975
660;183.0;176.5;697833.0;1027.0;;660;161.0;167.8;726633.0;1072.0;;660;138.0;182.9;720233.0;1062.0;;660;179.0;174.6;689513.0;1014.0;;660;172.0;166.8;713833.0;1052.0;;660;200.0;178.7;724713.0;1069.0;;660;173.0;169.7;720233.0;1062.0;;660;148.0;166.7;733033.0;1082.0;;169.25;172.9625
661;149.0;176.3;699113.0;1029.0;;661;141.0;167.5;727913.0;1074.0;;661;161.0;182.8;721513.0;1064.0;;661;154.0;174.6;690793.0;1016.0;;661;153.0;166.6;715113.0;1054.0;;661;193.0;179.0;725993.0;1071.0;;661;175.0;169.6;721513.0;1064.0;;661;175.0;166.7;734313.0;1084.0;;162.625;172.8875
662;200.0;176.7;700393.0;1031.0;;662;152.0;167.1;729193.0;1076.0;;662;200.0;183.2;723433.0;1067.0;;662;178.0;174.6;692073.0;1018.0;;662;161.0;166.4;716393.0;1056.0;;662;173.0;178.8;727273.0;1073.0;;662;186.0;169.5;723433.0;1067.0;;662;162.0;166.8;735593.0;1086.0;;176.5;172.8875
663;152.0;176.4;701673.0;1033.0;;663;154.0;167.1;730473.0;1078.0;;663;183.0;183.4;724713.0;1069.0;;663;188.0;174.8;693353.0;1020.0;;663;170.0;166.4;718313.0;1059.0;;663;166.0;178.6;728553.0;1075.0;;663;166.0;169.3;724713.0;1069.0;;663;156.0;166.6;736873.0;1088.0;;166.875;172.825
664;144.0;176.0;702953.0;1035.0;;664;146.0;166.8;731273.0;1079.0;;664;180.0;183.4;725993.0;1071.0;;664;191.0;175.0;695273.0;1023.0;;664;190.0;166.4;719593.0;1061.0;;664;178.0;178.3;730473.0;1078.0;;664;160.0;169.3;725993.0;1071.0;;664;174.0;166.7;738153.0;1090.0;;170.375;172.7375
665;168.0;175.9;704233.0;1037.0;;665;164.0;166.6;732873.0;1081.0;;665;176.0;183.4;727273.0;1073.0;;665;170.0;175.1;696553.0;1025.0;;665;157.0;166.2;720873.0;1063.0;;665;159.0;178.5;731753.0;1080.0;;665;173.0;169.3;727273.0;1073.0;;665;150.0;166.6;739433.0;1092.0;;164.625;172.7
666;180.0;175.9;706153.0;1040.0;;666;171.0;166.7;734313.0;1084.0;;666;179.0;183.5;728793.0;1075.0;;666;200.0;175.3;697833.0;1027.0;;666;155.0;166.2;722153.0;1065.0;;666;173.0;178.6;733033.0;1082.0;;666;149.0;169.2;728553.0;1075.0;;666;160.0;166.2;740713.0;1094.0;;170.875;172.7
667;180.0;176.0;707433.0;1042.0;;667;172.0;166.5;735593.0;1086.0;;667;173.0;183.2;730473.0;1078.0;;667;183.0;175.6;699113.0;1029.0;;667;167.0;166.1;723433.0;1067.0;;667;181.0;178.5;734313.0;1084.0;;667;152.0;169.0;729833.0;1077.0;;667;161.0;165.8;741993.0;1096.0;;171.125;172.5875
668;162.0;175.8;708713.0;1044.0;;668;170.0;166.4;736873.0;1088.0;;668;191.0;183.4;731753.0;1080.0;;668;161.0;175.2;700393.0;1031.0;;668;152.0;166.2;724713.0;1069.0;;668;174.0;178.6;735593.0;1086.0;;668;173.0;169.1;731113.0;1079.0;;668;160.0;165.7;743273.0;1098.0;;167.875;172.55
669;193.0;176.1;709993.0;1046.0;;669;151.0;165.9;738153.0;1090.0;;669;153.0;182.9;733033.0;1082.0;;669;193.0;175.6;702313.0;1034.0;;669;159.0;166.2;725993.0;1071.0;;669;198.0;178.9;737513.0;1089.0;;669;150.0;168.8;732393.0;1081.0;;669;170.0;165.9;744553.0;1100.0;;170.875;172.5375
670;200.0;176.6;711913.0;1049.0;;670;148.0;165.6;739433.0;1092.0;;670;175.0;183.0;734313.0;1084.0;;670;176.0;175.4;703593.0;1036.0;;670;153.0;165.7;727273.0;1073.0;;670;200.0;179.3;738793.0;1091.0;;670;165.0;168.7;733673.0;1083.0;;670;148.0;165.8;745833.0;1102.0;;170.625;172.5125
671;177.0;176.7;713193.0;1051.0;;671;152.0;165.3;740713.0;1094.0;;671;173.0;182.9;735593.0;1086.0;;671;179.0;175.6;704873.0;1038.0;;671;149.0;165.2;728553.0;1075.0;;671;200.0;179.3;740713.0;1094.0;;671;167.0;168.5;734953.0;1085.0;;671;157.0;165.8;747113.0;1104.0;;169.25;172.4125
672;179.0;176.9;714473.0;1053.0;;672;161.0;165.0;741993.0;1096.0;;672;167.0;182.9;736873.0;1088.0;;672;172.0;175.7;706153.0;1040.0;;672;162.0;165.2;729833.0;1077.0;;672;156.0;179.1;741993.0;1096.0;;672;169.0;168.3;736233.0;1087.0;;672;153.0;165.8;748393.0;1106.0;;164.875;172.3625
673;169.0;176.6;715753.0;1055.0;;673;155.0;164.7;742793.0;1097.0;;673;157.0;182.6;738153.0;1090.0;;673;194.0;175.9;708073.0;1043.0;;673;163.0;165.1;731113.0;1079.0;;673;170.0;179.3;743273.0;1098.0;;673;144.0;168.0;737513.0;1089.0;;673;174.0;165.5;749673.0;1108.0;;165.75;172.2125
674;183.0;176.8;717673.0;1058.0;;674;161.0;164.6;744553.0;1100.0;;674;161.0;182.2;739433.0;1092.0;;674;161.0;175.8;709353.0;1045.0;;674;143.0;164.7;731753.0;1080.0;;674;170.0;179.2;744553.0;1100.0;;674;149.0;168.0;738153.0;1090.0;;674;177.0;165.3;750953.0;1110.0;;163.125;172.075
675;165.0;176.9;718953.0;1060.0;;675;189.0;164.9;745833.0;1102.0;;675;177.0;182.0;741353.0;1095.0;;675;186.0;176.0;710633.0;1047.0;;675;157.0;164.4;733033.0;1082.0;;675;171.0;179.1;745833.0;1102.0;;675;177.0;168.0;740073.0;1093.0;;675;154.0;164.9;752233.0;1112.0;;172.0;172.025
676;182.0;177.2;720233.0;1062.0;;676;147.0;164.6;747113.0;1104.0;;676;152.0;181.5;741993.0;1096.0;;676;160.0;176.0;711913.0;1049.0;;676;163.0;164.2;734313.0;1084.0;;676;200.0;179.1;747753.0;1105.0;;676;150.0;167.9;741353.0;1095.0;;676;162.0;164.8;753513.0;1114.0;;164.5;171.9125
677;165.0;176.9;721513.0;1064.0;;677;143.0;164.3;748153.0;1105.0;;677;179.0;181.5;743913.0;1099.0;;677;157.0;176.0;713193.0;1051.0;;677;165.0;164.2;735593.0;1086.0;;677;175.0;178.9;749033.0;1107.0;;677;156.0;167.5;742633.0;1097.0;;677;152.0;164.5;754793.0;1116.0;;161.5;171.725
678;174.0;177.0;722793.0;1066.0;;678;148.0;163.8;749033.0;1107.0;;678;179.0;181.6;745193.0;1101.0;;678;190.0;176.2;715113.0;1054.0;;678;154.0;164.1;736873.0;1088.0;;678;185.0;179.1;750313.0;1109.0;;678;154.0;167.3;743273.0;1098.0;;678;185.0;164.6;756713.0;1119.0;;171.125;171.7125
679;175.0;177.1;724073.0;1068.0;;679;147.0;163.7;750313.0;1109.0;;679;160.0;181.5;746473.0;1103.0;;679;197.0;176.1;716393.0;1056.0;;679;158.0;164.1;738153.0;1090.0;;679;164.0;179.0;751593.0;1111.0;;679;200.0;167.3;745193.0;1101.0;;679;183.0;164.7;757993.0;1121.0;;173.0;171.6875
680;168.0;176.8;725353.0;1070.0;;680;171.0;163.7;751593.0;1111.0;;680;168.0;181.6;747753.0;1105.0;;680;182.0;176.4;717673.0;1058.0;;680;171.0;164.2;740073.0;1093.0;;680;170.0;179.2;752873.0;1113.0;;680;149.0;167.2;746473.0;1103.0;;680;168.0;164.4;759273.0;1123.0;;168.375;171.6875
681;178.0;176.5;727273.0;1073.0;;681;164.0;163.8;752873.0;1113.0;;681;166.0;181.2;749033.0;1107.0;;681;189.0;176.6;719593.0;1061.0;;681;164.0;164.1;741353.0;1095.0;;681;164.0;179.1;754153.0;1115.0;;681;172.0;167.3;747753.0;1105.0;;681;170.0;164.3;760553.0;1125.0;;170.875;171.6125
682;191.0;176.5;728553.0;1075.0;;682;175.0;163.6;754793.0;1116.0;;682;169.0;180.9;750313.0;1109.0;;682;186.0;176.8;720873.0;1063.0;;682;152.0;163.9;741993.0;1096.0;;682;165.0;179.1;755433.0;1117.0;;682;154.0;167.2;749033.0;1107.0;;682;179.0;164.2;761833.0;1127.0;;171.375;171.525
683;177.0;176.8;729833.0;1077.0;;683;163.0;163.6;756073.0;1118.0;;683;158.0;180.9;751593.0;1111.0;;683;181.0;176.9;722153.0;1065.0;;683;172.0;163.6;743913.0;1099.0;;683;199.0;179.2;757353.0;1120.0;;683;152.0;166.9;750313.0;1109.0;;683;184.0;164.5;763753.0;1130.0;;173.25;171.55
684;200.0;177.2;731753.0;1080.0;;684;197.0;164.0;757353.0;1120.0;;684;179.0;181.0;753353.0;1113.0;;684;178.0;177.0;723753.0;1067.0;;684;147.0;163.3;744553.0;1100.0;;684;200.0;179.2;758633.0;1122.0;;684;157.0;166.5;751593.0;1111.0;;684;180.0;164.6;765033.0;1132.0;;179.75;171.6
685;161.0;177.2;733033.0;1082.0;;685;183.0;164.1;758633.0;1122.0;;685;178.0;181.0;754793.0;1116.0;;685;166.0;176.9;725353.0;1070.0;;685;164.0;163.4;746473.0;1103.0;;685;200.0;179.6;760553.0;1125.0;;685;169.0;166.3;752873.0;1113.0;;685;182.0;164.8;766313.0;1134.0;;175.375;171.6625
686;200.0;177.7;734313.0;1084.0;;686;186.0;164.3;760553.0;1125.0;;686;165.0;180.8;756073.0;1118.0;;686;172.0;176.7;726633.0;1072.0;;686;170.0;163.3;747753.0;1105.0;;686;192.0;179.6;761833.0;1127.0;;686;170.0;166.0;754153.0;1115.0;;686;165.0;164.7;767593.0;1136.0;;177.5;171.6375
687;178.0;177.5;735593.0;1086.0;;687;179.0;164.4;761833.0;1127.0;;687;197.0;180.7;757353.0;1120.0;;687;169.0;176.4;727913.0;1074.0;;687;167.0;163.2;749033.0;1107.0;;687;186.0;179.6;763753.0;1130.0;;687;156.0;165.8;755433.0;1117.0;;687;175.0;164.7;768873.0;1138.0;;175.875;171.5375
688;172.0;177.4;737513.0;1089.0;;688;182.0;164.6;763113.0;1129.0;;688;200.0;180.7;759273.0;1123.0;;688;194.0;176.5;729193.0;1076.0;;688;161.0;163.1;750313.0;1109.0;;688;182.0;179.4;765033.0;1132.0;;688;171.0;165.5;756713.0;1119.0;;688;171.0;164.5;770153.0;1140.0;;179.125;171.4625
689;164.0;177.0;738793.0;1091.0;;689;160.0;164.6;764393.0;1131.0;;689;200.0;180.7;760553.0;1125.0;;689;182.0;176.9;731113.0;1079.0;;689;136.0;162.6;750953.0;1110.0;;689;174.0;179.2;766313.0;1134.0;;689;192.0;165.4;758073.0;1121.0;;689;195.0;164.8;772073.0;1143.0;;175.375;171.4
690;145.0;177.0;740073.0;1093.0;;690;183.0;164.5;766073.0;1133.0;;690;186.0;180.8;762473.0;1128.0;;690;142.0;176.7;731753.0;1080.0;;690;166.0;162.4;752873.0;1113.0;;690;177.0;179.0;767593.0;1136.0;;690;200.0;165.8;759913.0;1124.0;;690;183.0;164.9;773353.0;1145.0;;172.75;171.3875
691;166.0;176.8;741353.0;1095.0;;691;191.0;164.7;767593.0;1136.0;;691;194.0;181.2;763753.0;1130.0;;691;171.0;176.9;733033.0;1082.0;;691;154.0;162.0;753513.0;1114.0;;691;187.0;179.0;769513.0;1139.0;;691;176.0;165.9;761193.0;1126.0;;691;189.0;165.3;775273.0;1148.0;;178.5;171.475
692;153.0;176.7;741993.0;1096.0;;692;200.0;165.0;768873.0;1138.0;;692;192.0;181.5;765033.0;1132.0;;692;182.0;176.8;734953.0;1085.0;;692;144.0;161.8;754793.0;1116.0;;692;179.0;178.9;770793.0;1141.0;;692;172.0;165.7;762473.0;1128.0;;692;184.0;165.2;776553.0;1150.0;;175.75;171.45
693;158.0;176.7;743273.0;1098.0;;693;171.0;165.0;770393.0;1140.0;;693;191.0;181.4;766953.0;1135.0;;693;190.0;177.0;736233.0;1087.0;;693;186.0;162.0;756713.0;1119.0;;693;188.0;179.2;772073.0;1143.0;;693;173.0;166.0;763753.0;1130.0;;693;182.0;165.5;777833.0;1152.0;;179.875;171.6
694;193.0;176.6;745193.0;1101.0;;694;192.0;165.0;772073.0;1143.0;;694;187.0;181.2;768233.0;1137.0;;694;171.0;177.0;737513.0;1089.0;;694;182.0;162.2;757993.0;1121.0;;694;184.0;179.3;773353.0;1145.0;;694;168.0;166.0;765673.0;1133.0;;694;177.0;165.6;779113.0;1154.0;;181.75;171.6125
695;153.0;176.2;746473.0;1103.0;;695;170.0;165.1;773353.0;1145.0;;695;192.0;181.2;769993.0;1139.0;;695;185.0;177.1;739433.0;1092.0;;695;192.0;162.6;759273.0;1123.0;;695;189.0;179.3;775273.0;1148.0;;695;166.0;166.1;766953.0;1135.0;;695;196.0;165.9;781033.0;1157.0;;180.375;171.6875
696;158.0;175.8;747753.0;1105.0;;696;177.0;165.2;774633.0;1147.0;;696;181.0;181.1;771433.0;1142.0;;696;156.0;176.7;740073.0;1093.0;;696;200.0;163.1;761193.0;1126.0;;696;188.0;179.3;776553.0;1150.0;;696;193.0;166.6;768233.0;1137.0;;696;200.0;166.4;782313.0;1159.0;;181.625;171.775
697;197.0;176.0;749033.0;1107.0;;697;191.0;165.5;776553.0;1150.0;;697;183.0;181.1;772713.0;1144.0;;697;163.0;176.9;741993.0;1096.0;;697;180.0;163.2;762473.0;1128.0;;697;200.0;179.3;778473.0;1153.0;;697;197.0;166.7;770153.0;1140.0;;697;200.0;166.8;784233.0;1162.0;;188.875;171.9375
698;160.0;175.9;750313.0;1109.0;;698;189.0;165.8;777833.0;1152.0;;698;187.0;181.1;773993.0;1146.0;;698;177.0;177.0;743273.0;1098.0;;698;176.0;163.4;763753.0;1130.0;;698;200.0;179.6;779753.0;1155.0;;698;170.0;166.7;771433.0;1142.0;;698;200.0;167.4;785513.0;1164.0;;182.375;172.1125
699;160.0;175.8;751593.0;1111.0;;699;188.0;166.0;779113.0;1154.0;;699;169.0;181.0;775753.0;1148.0;;699;177.0;177.2;744553.0;1100.0;;699;191.0;163.7;765673.0;1133.0;;699;200.0;179.8;781673.0;1158.0;;699;194.0;166.8;772713.0;1144.0;;699;200.0;167.9;787433.0;1167.0;;184.875;172.275
700;178.0;175.9;752873.0;1113.0;;700;182.0;165.9;781033.0;1157.0;;700;180.0;180.8;777193.0;1151.0;;700;185.0;177.3;745833.0;1102.0;;700;155.0;163.8;766953.0;1135.0;;700;200.0;179.9;782953.0;1160.0;;700;178.0;166.9;773993.0;1146.0;;700;200.0;168.2;788713.0;1169.0;;182.25;172.3375
701;159.0;175.9;754153.0;1115.0;;701;187.0;166.1;782313.0;1159.0;;701;177.0;180.8;778473.0;1153.0;;701;164.0;177.3;747113.0;1104.0;;701;167.0;163.6;768233.0;1137.0;;701;200.0;180.2;784873.0;1163.0;;701;189.0;167.4;775913.0;1149.0;;701;200.0;168.4;790633.0;1172.0;;180.375;172.4625
702;172.0;176.0;756073.0;1118.0;;702;200.0;166.5;783993.0;1161.0;;702;195.0;180.8;779913.0;1155.0;;702;174.0;177.3;748393.0;1106.0;;702;172.0;163.5;769513.0;1139.0;;702;200.0;180.4;786153.0;1165.0;;702;200.0;167.7;777193.0;1151.0;;702;200.0;168.6;791913.0;1174.0;;189.125;172.6
703;200.0;176.4;757353.0;1120.0;;703;200.0;166.8;785513.0;1164.0;;703;189.0;180.8;781673.0;1158.0;;703;164.0;177.3;750313.0;1109.0;;703;169.0;163.5;770793.0;1141.0;;703;200.0;180.9;788073.0;1168.0;;703;187.0;167.9;778473.0;1153.0;;703;200.0;168.9;793833.0;1177.0;;188.625;172.8125
704;183.0;176.5;758633.0;1122.0;;704;200.0;167.3;787113.0;1166.0;;704;193.0;181.0;782953.0;1160.0;;704;184.0;177.4;751593.0;1111.0;;704;171.0;163.6;772073.0;1143.0;;704;200.0;180.9;789353.0;1170.0;;704;200.0;168.1;780393.0;1156.0;;704;200.0;169.3;795113.0;1179.0;;191.375;173.0125
705;179.0;176.8;760553.0;1125.0;;705;200.0;167.6;788713.0;1169.0;;705;200.0;181.0;784873.0;1163.0;;705;162.0;177.5;752873.0;1113.0;;705;178.0;163.8;773353.0;1145.0;;705;200.0;180.9;791273.0;1173.0;;705;200.0;168.3;781673.0;1158.0;;705;200.0;169.7;797033.0;1182.0;;189.875;173.2
706;181.0;177.1;761833.0;1127.0;;706;200.0;167.8;789993.0;1171.0;;706;200.0;181.0;786153.0;1165.0;;706;163.0;177.4;754153.0;1115.0;;706;190.0;164.2;775273.0;1148.0;;706;200.0;181.3;792553.0;1175.0;;706;200.0;168.4;783593.0;1161.0;;706;200.0;169.9;798313.0;1184.0;;191.75;173.3875
707;177.0;177.4;763113.0;1129.0;;707;200.0;167.8;791913.0;1174.0;;707;200.0;181.2;788073.0;1168.0;;707;193.0;177.5;755433.0;1117.0;;707;180.0;164.4;776553.0;1150.0;;707;200.0;181.3;794473.0;1178.0;;707;200.0;168.8;785033.0;1163.0;;707;200.0;170.5;800233.0;1187.0;;193.75;173.6125
708;200.0;177.5;765033.0;1132.0;;708;200.0;168.0;793513.0;1176.0;;708;200.0;181.4;789353.0;1170.0;;708;174.0;177.6;757113.0;1119.0;;708;199.0;164.8;777833.0;1152.0;;708;200.0;181.4;795753.0;1180.0;;708;200.0;169.0;786793.0;1166.0;;708;200.0;170.9;801513.0;1189.0;;196.625;173.825
709;190.0;177.8;766313.0;1134.0;;709;200.0;168.5;795113.0;1179.0;;709;200.0;181.5;791273.0;1173.0;;709;165.0;177.4;758633.0;1122.0;;709;193.0;165.0;779753.0;1155.0;;709;200.0;181.4;797673.0;1183.0;;709;200.0;169.5;788073.0;1168.0;;709;200.0;171.1;803433.0;1192.0;;193.5;174.025
710;200.0;178.0;767593.0;1136.0;;710;200.0;168.9;796793.0;1181.0;;710;200.0;181.5;792553.0;1175.0;;710;188.0;177.7;759913.0;1124.0;;710;192.0;165.1;781033.0;1157.0;;710;200.0;181.4;798953.0;1185.0;;710;200.0;169.8;789993.0;1171.0;;710;200.0;171.5;804713.0;1194.0;;197.5;174.2375
711;200.0;178.4;769513.0;1139.0;;711;200.0;169.4;798313.0;1184.0;;711;200.0;181.7;794473.0;1178.0;;711;180.0;177.9;761193.0;1126.0;;711;200.0;165.6;782953.0;1160.0;;711;200.0;181.8;800873.0;1188.0;;711;200.0;169.8;791273.0;1173.0;;711;200.0;171.8;806633.0;1197.0;;197.5;174.55
712;174.0;178.4;770793.0;1141.0;;712;200.0;169.6;799993.0;1186.0;;712;200.0;182.0;795753.0;1180.0;;712;200.0;178.2;763113.0;1129.0;;712;170.0;165.9;784233.0;1162.0;;712;200.0;182.0;802153.0;1190.0;;712;200.0;170.1;793193.0;1176.0;;712;200.0;172.2;807913.0;1199.0;;193.0;174.8
713;200.0;178.8;772713.0;1144.0;;713;200.0;170.1;801513.0;1189.0;;713;200.0;182.1;797673.0;1183.0;;713;176.0;178.2;764393.0;1131.0;;713;200.0;166.3;785513.0;1164.0;;713;200.0;182.2;804073.0;1193.0;;713;200.0;170.4;794713.0;1178.0;;713;200.0;172.6;809833.0;1202.0;;197.0;175.0875
714;200.0;179.2;773993.0;1146.0;;714;200.0;170.2;802873.0;1191.0;;714;200.0;182.2;798953.0;1185.0;;714;168.0;178.2;765673.0;1133.0;;714;200.0;166.8;787433.0;1167.0;;714;200.0;182.5;805353.0;1195.0;;714;200.0;170.8;796393.0;1181.0;;714;200.0;172.9;811113.0;1204.0;;196.0;175.35
715;181.0;179.3;775273.0;1148.0;;715;200.0;170.6;804713.0;1194.0;;715;200.0;182.4;800873.0;1188.0;;715;200.0;178.6;767273.0;1135.0;;715;200.0;167.2;788713.0;1169.0;;715;200.0;182.5;807273.0;1198.0;;715;200.0;171.1;797673.0;1183.0;;715;200.0;173.2;813033.0;1207.0;;197.625;175.6125
716;200.0;179.7;777193.0;1151.0;;716;200.0;170.9;806313.0;1196.0;;716;200.0;182.7;802153.0;1190.0;;716;188.0;178.8;768873.0;1138.0;;716;200.0;167.6;790633.0;1172.0;;716;200.0;182.7;808553.0;1200.0;;716;200.0;171.6;799593.0;1186.0;;716;200.0;173.6;814313.0;1209.0;;198.5;175.95
717;185.0;179.8;778473.0;1153.0;;717;200.0;170.9;807913.0;1199.0;;717;200.0;182.9;804073.0;1193.0;;717;192.0;179.1;770153.0;1140.0;;717;200.0;167.9;791913.0;1174.0;;717;200.0;183.1;810473.0;1203.0;;717;200.0;172.1;800873.0;1188.0;;717;200.0;173.9;816233.0;1212.0;;197.125;176.2125
718;200.0;180.0;780393.0;1156.0;;718;200.0;171.3;809273.0;1201.0;;718;200.0;183.1;805353.0;1195.0;;718;175.0;179.2;771433.0;1142.0;;718;200.0;168.3;793833.0;1177.0;;718;200.0;183.3;811753.0;1205.0;;718;200.0;172.5;802793.0;1191.0;;718;200.0;174.3;817513.0;1214.0;;196.875;176.5
719;200.0;180.0;781673.0;1158.0;;719;200.0;171.5;811113.0;1204.0;;719;200.0;183.5;807273.0;1198.0;;719;200.0;179.6;773353.0;1145.0;;719;200.0;168.7;795113.0;1179.0;;719;200.0;183.3;813673.0;1208.0;;719;200.0;172.9;804073.0;1193.0;;719;200.0;174.7;819433.0;1217.0;;200.0;176.775
720;200.0;180.1;783593.0;1161.0;;720;200.0;171.8;812393.0;1206.0;;720;200.0;183.9;808553.0;1200.0;;720;200.0;179.8;774633.0;1147.0;;720;200.0;168.9;797033.0;1182.0;;720;200.0;183.7;814953.0;1210.0;;720;200.0;173.4;805993.0;1196.0;;720;200.0;175.2;820713.0;1219.0;;200.0;177.1
721;200.0;180.5;784873.0;1163.0;;721;200.0;172.5;814313.0;1209.0;;721;200.0;184.2;810473.0;1203.0;;721;200.0;179.8;776553.0;1150.0;;721;200.0;169.4;798313.0;1184.0;;721;200.0;184.1;816873.0;1213.0;;721;200.0;173.6;807273.0;1198.0;;721;200.0;175.8;822633.0;1222.0;;200.0;177.4875
722;200.0;180.9;786793.0;1166.0;;722;200.0;173.0;815673.0;1211.0;;722;200.0;184.5;811753.0;1205.0;;722;196.0;179.8;777833.0;1152.0;;722;200.0;170.0;800233.0;1187.0;;722;200.0;184.5;818153.0;1215.0;;722;200.0;173.9;809193.0;1201.0;;722;200.0;176.2;823913.0;1224.0;;199.5;177.85
723;200.0;181.1;788073.0;1168.0;;723;200.0;173.4;817513.0;1214.0;;723;200.0;184.5;813673.0;1208.0;;723;188.0;179.7;779753.0;1155.0;;723;200.0;170.4;801513.0;1189.0;;723;200.0;184.9;820073.0;1218.0;;723;200.0;174.4;810473.0;1203.0;;723;200.0;176.6;825833.0;1227.0;;198.5;178.125
724;200.0;181.1;789993.0;1171.0;;724;200.0;173.9;818953.0;1216.0;;724;200.0;184.5;814953.0;1210.0;;724;200.0;179.9;781033.0;1157.0;;724;200.0;170.7;803433.0;1192.0;;724;200.0;185.0;821353.0;1220.0;;724;200.0;174.9;812393.0;1206.0;;724;200.0;177.2;827113.0;1229.0;;200.0;178.4
725;200.0;181.5;791273.0;1173.0;;725;200.0;174.4;820713.0;1219.0;;725;200.0;184.7;816873.0;1213.0;;725;200.0;180.2;782953.0;1160.0;;725;200.0;171.1;804713.0;1194.0;;725;200.0;185.3;823273.0;1223.0;;725;200.0;175.2;813673.0;1208.0;;725;200.0;177.3;829033.0;1232.0;;200.0;178.7125
726;200.0;181.5;793193.0;1176.0;;726;200.0;174.6;821993.0;1221.0;;726;200.0;184.7;818153.0;1215.0;;726;200.0;180.5;784233.0;1162.0;;726;200.0;171.6;806633.0;1197.0;;726;200.0;185.3;824553.0;1225.0;;726;200.0;175.3;815593.0;1211.0;;726;200.0;177.5;830313.0;1234.0;;200.0;178.875
727;200.0;181.7;794473.0;1178.0;;727;200.0;175.0;823913.0;1224.0;;727;200.0;184.7;820073.0;1218.0;;727;199.0;180.6;786153.0;1165.0;;727;200.0;172.0;807913.0;1199.0;;727;200.0;185.4;826473.0;1228.0;;727;200.0;175.5;816873.0;1213.0;;727;200.0;177.7;832233.0;1237.0;;199.875;179.075
728;200.0;181.8;796393.0;1181.0;;728;200.0;175.5;825193.0;1226.0;;728;200.0;184.7;821353.0;1220.0;;728;200.0;180.6;787433.0;1167.0;;728;200.0;172.2;809833.0;1202.0;;728;200.0;185.8;827753.0;1230.0;;728;200.0;175.9;818793.0;1216.0;;728;200.0;178.0;833513.0;1239.0;;200.0;179.3125
729;200.0;182.0;797673.0;1183.0;;729;200.0;175.9;827113.0;1229.0;;729;200.0;185.0;823273.0;1223.0;;729;183.0;180.4;788713.0;1169.0;;729;200.0;172.5;811113.0;1204.0;;729;200.0;186.3;829673.0;1233.0;;729;200.0;176.5;820073.0;1218.0;;729;200.0;178.2;835433.0;1242.0;;197.875;179.6
730;200.0;182.2;799593.0;1186.0;;730;200.0;176.4;828553.0;1231.0;;730;200.0;185.1;824553.0;1225.0;;730;200.0;180.6;790633.0;1172.0;;730;200.0;173.0;813033.0;1207.0;;730;200.0;186.5;830953.0;1235.0;;730;200.0;177.0;821993.0;1221.0;;730;200.0;178.5;836713.0;1244.0;;200.0;179.9125
731;200.0;182.2;800873.0;1188.0;;731;200.0;176.8;830313.0;1234.0;;731;200.0;185.3;826473.0;1228.0;;731;200.0;181.0;791913.0;1174.0;;731;200.0;173.6;814313.0;1209.0;;731;200.0;186.8;832873.0;1238.0;;731;200.0;177.4;823273.0;1223.0;;731;200.0;178.9;838633.0;1247.0;;200.0;180.25
732;200.0;182.5;802793.0;1191.0;;732;200.0;177.3;831593.0;1236.0;;732;200.0;185.3;827753.0;1230.0;;732;200.0;181.3;793833.0;1177.0;;732;200.0;174.0;816233.0;1212.0;;732;200.0;187.1;834153.0;1240.0;;732;200.0;178.0;825193.0;1226.0;;732;200.0;179.2;839913.0;1249.0;;200.0;180.5875
733;200.0;182.7;804073.0;1193.0;;733;200.0;177.7;833513.0;1239.0;;733;200.0;185.4;829673.0;1233.0;;733;200.0;181.4;795113.0;1179.0;;733;200.0;174.5;817513.0;1214.0;;733;200.0;187.2;836073.0;1243.0;;733;200.0;178.5;826473.0;1228.0;;733;200.0;179.5;841833.0;1252.0;;200.0;180.8625
734;200.0;182.8;805993.0;1196.0;;734;200.0;177.7;834873.0;1241.0;;734;200.0;185.8;830953.0;1235.0;;734;200.0;181.5;797033.0;1182.0;;734;200.0;175.0;819433.0;1217.0;;734;200.0;187.3;837353.0;1245.0;;734;200.0;178.9;828393.0;1231.0;;734;200.0;180.0;843113.0;1254.0;;200.0;181.125
735;200.0;182.8;807273.0;1198.0;;735;200.0;178.0;836713.0;1244.0;;735;200.0;186.0;832873.0;1238.0;;735;200.0;181.5;798313.0;1184.0;;735;200.0;175.4;820713.0;1219.0;;735;200.0;187.7;839273.0;1248.0;;735;200.0;179.4;829673.0;1233.0;;735;200.0;180.4;845033.0;1257.0;;200.0;181.4
736;200.0;182.8;809193.0;1201.0;;736;200.0;178.2;837993.0;1246.0;;736;200.0;186.3;834153.0;1240.0;;736;200.0;181.7;800233.0;1187.0;;736;200.0;175.7;822633.0;1222.0;;736;200.0;188.1;840553.0;1250.0;;736;200.0;179.8;831593.0;1236.0;;736;200.0;180.8;846313.0;1259.0;;200.0;181.675
737;200.0;182.8;810473.0;1203.0;;737;200.0;178.7;839913.0;1249.0;;737;200.0;186.8;836073.0;1243.0;;737;200.0;181.8;801513.0;1189.0;;737;200.0;176.1;823913.0;1224.0;;737;200.0;188.7;842473.0;1253.0;;737;200.0;179.8;832953.0;1238.0;;737;200.0;181.4;848233.0;1262.0;;200.0;182.0125
738;200.0;183.0;812393.0;1206.0;;738;200.0;179.1;841433.0;1251.0;;738;200.0;186.9;837353.0;1245.0;;738;200.0;182.0;803433.0;1192.0;;738;200.0;176.4;825833.0;1227.0;;738;200.0;189.1;843753.0;1255.0;;738;200.0;179.8;834793.0;1241.0;;738;200.0;181.8;849513.0;1264.0;;200.0;182.2625
739;200.0;183.0;813673.0;1208.0;;739;200.0;179.5;843113.0;1254.0;;739;200.0;186.9;839273.0;1248.0;;739;200.0;182.3;804713.0;1194.0;;739;200.0;176.8;827113.0;1229.0;;739;200.0;189.1;845673.0;1258.0;;739;200.0;180.1;836073.0;1243.0;;739;200.0;182.1;851433.0;1267.0;;200.0;182.475
740;200.0;183.3;815593.0;1211.0;;740;200.0;180.0;844393.0;1256.0;;740;200.0;186.9;840553.0;1250.0;;740;200.0;182.3;806633.0;1197.0;;740;200.0;176.9;829033.0;1232.0;;740;200.0;189.1;846953.0;1260.0;;740;200.0;180.3;837993.0;1246.0;;740;200.0;182.4;852713.0;1269.0;;200.0;182.65
741;200.0;183.7;816873.0;1213.0;;741;200.0;180.3;846313.0;1259.0;;741;200.0;186.9;842473.0;1253.0;;741;200.0;182.5;807913.0;1199.0;;741;200.0;177.5;830313.0;1234.0;;741;200.0;189.2;848873.0;1263.0;;741;200.0;180.4;839273.0;1248.0;;741;200.0;182.6;854633.0;1272.0;;200.0;182.8875
742;200.0;184.0;818793.0;1216.0;;742;200.0;180.9;847593.0;1261.0;;742;200.0;187.3;843753.0;1255.0;;742;200.0;182.5;809833.0;1202.0;;742;200.0;177.7;832233.0;1237.0;;742;200.0;189.6;850153.0;1265.0;;742;200.0;180.7;841193.0;1251.0;;742;200.0;183.0;855913.0;1274.0;;200.0;183.2125
743;200.0;184.2;820073.0;1218.0;;743;200.0;181.5;849513.0;1264.0;;743;200.0;187.3;845673.0;1258.0;;743;200.0;182.9;811433.0;1204.0;;743;200.0;177.8;833513.0;1239.0;;743;200.0;190.0;852073.0;1268.0;;743;200.0;181.0;842473.0;1253.0;;743;200.0;183.3;857833.0;1277.0;;200.0;183.5
744;200.0;184.2;821993.0;1221.0;;744;200.0;182.0;850793.0;1266.0;;744;200.0;187.5;846953.0;1260.0;;744;200.0;182.9;813033.0;1207.0;;744;200.0;177.9;835433.0;1242.0;;744;200.0;190.2;853353.0;1270.0;;744;200.0;181.6;844393.0;1256.0;;744;200.0;183.7;859113.0;1279.0;;200.0;183.75
745;200.0;184.6;823273.0;1223.0;;745;200.0;182.3;852713.0;1269.0;;745;200.0;187.9;848873.0;1263.0;;745;200.0;183.0;814313.0;1209.0;;745;200.0;178.2;836713.0;1244.0;;745;200.0;190.6;855273.0;1273.0;;745;200.0;182.0;845673.0;1258.0;;745;200.0;184.2;861033.0;1282.0;;200.0;184.1
746;200.0;184.7;825193.0;1226.0;;746;200.0;182.6;853993.0;1271.0;;746;200.0;188.2;850153.0;1265.0;;746;200.0;183.4;816233.0;1212.0;;746;200.0;178.5;838633.0;1247.0;;746;200.0;191.0;856553.0;1275.0;;746;200.0;182.4;847593.0;1261.0;;746;200.0;184.3;862313.0;1284.0;;200.0;184.3875
747;200.0;185.1;826473.0;1228.0;;747;200.0;182.9;855913.0;1274.0;;747;200.0;188.4;852073.0;1268.0;;747;200.0;183.6;817513.0;1214.0;;747;200.0;178.8;839913.0;1249.0;;747;200.0;191.1;858473.0;1278.0;;747;200.0;182.8;848873.0;1263.0;;747;200.0;184.7;864233.0;1287.0;;200.0;184.675
748;200.0;185.3;828393.0;1231.0;;748;200.0;183.1;857193.0;1276.0;;748;200.0;188.5;853353.0;1270.0;;748;200.0;183.6;819433.0;1217.0;;748;200.0;179.4;841833.0;1252.0;;748;200.0;191.4;859753.0;1280.0;;748;200.0;183.2;850793.0;1266.0;;748;200.0;185.2;865513.0;1289.0;;200.0;184.9625
749;200.0;185.4;829673.0;1233.0;;749;200.0;183.6;859113.0;1279.0;;749;200.0;188.9;855273.0;1273.0;;749;200.0;183.9;820713.0;1219.0;;749;200.0;180.0;843113.0;1254.0;;749;200.0;191.6;861673.0;1283.0;;749;200.0;183.7;852073.0;1268.0;;749;200.0;185.6;867433.0;1292.0;;200.0;185.3375
750;200.0;185.4;831593.0;1236.0;;750;200.0;183.6;860393.0;1281.0;;750;200.0;188.9;856553.0;1275.0;;750;200.0;184.1;822633.0;1222.0;;750;200.0;180.4;845033.0;1257.0;;750;200.0;191.7;862953.0;1285.0;;750;200.0;184.0;853993.0;1271.0;;750;200.0;186.0;868713.0;1294.0;;200.0;185.5125
751;200.0;185.6;832873.0;1238.0;;751;200.0;184.1;862313.0;1284.0;;751;200.0;188.9;858473.0;1278.0;;751;200.0;184.5;823913.0;1224.0;;751;200.0;180.7;846313.0;1259.0;;751;200.0;192.0;864873.0;1288.0;;751;200.0;184.6;855273.0;1273.0;;751;200.0;186.3;870633.0;1297.0;;200.0;185.8375
752;200.0;185.8;834793.0;1241.0;;752;200.0;184.5;863593.0;1286.0;;752;200.0;188.9;859753.0;1280.0;;752;200.0;184.9;825833.0;1227.0;;752;200.0;181.2;848233.0;1262.0;;752;200.0;192.0;866153.0;1290.0;;752;200.0;184.8;857193.0;1276.0;;752;200.0;186.8;871913.0;1299.0;;200.0;186.1125
753;200.0;186.0;836073.0;1243.0;;753;200.0;185.0;865513.0;1289.0;;753;200.0;188.9;861673.0;1283.0;;753;200.0;185.1;827113.0;1229.0;;753;200.0;181.4;849513.0;1264.0;;753;200.0;192.3;868073.0;1293.0;;753;200.0;184.9;858473.0;1278.0;;753;200.0;187.0;873833.0;1302.0;;200.0;186.325
754;200.0;186.4;837993.0;1246.0;;754;200.0;185.3;866793.0;1291.0;;754;200.0;188.9;862953.0;1285.0;;754;200.0;185.5;829033.0;1232.0;;754;200.0;181.7;851433.0;1267.0;;754;200.0;192.3;869353.0;1295.0;;754;200.0;184.9;860393.0;1281.0;;754;200.0;187.3;875113.0;1304.0;;200.0;186.5375
755;200.0;186.4;839273.0;1248.0;;755;200.0;185.6;868713.0;1294.0;;755;200.0;189.1;864873.0;1288.0;;755;200.0;185.7;830313.0;1234.0;;755;200.0;181.9;852713.0;1269.0;;755;200.0;192.3;871273.0;1298.0;;755;200.0;185.3;861673.0;1283.0;;755;200.0;187.8;877033.0;1307.0;;200.0;186.7625
756;200.0;186.4;841193.0;1251.0;;756;200.0;186.0;869993.0;1296.0;;756;200.0;189.2;866153.0;1290.0;;756;200.0;185.8;832233.0;1237.0;;756;200.0;182.4;854633.0;1272.0;;756;200.0;192.5;872553.0;1300.0;;756;200.0;185.7;863593.0;1286.0;;756;200.0;188.2;878313.0;1309.0;;200.0;187.025
757;200.0;186.4;842473.0;1253.0;;757;200.0;186.5;871913.0;1299.0;;757;200.0;189.2;868073.0;1293.0;;757;200.0;186.0;833513.0;1239.0;;757;200.0;182.8;855913.0;1274.0;;757;200.0;192.7;874473.0;1303.0;;757;200.0;186.1;865113.0;1288.0;;757;200.0;188.5;880233.0;1312.0;;200.0;187.275
758;200.0;186.5;844393.0;1256.0;;758;200.0;187.0;873193.0;1301.0;;758;200.0;189.7;869353.0;1295.0;;758;200.0;186.4;835433.0;1242.0;;758;200.0;183.0;857833.0;1277.0;;758;200.0;192.7;875753.0;1305.0;;758;200.0;186.5;866793.0;1291.0;;758;200.0;189.0;881513.0;1314.0;;200.0;187.6
759;200.0;186.7;845673.0;1258.0;;759;200.0;187.1;875113.0;1304.0;;759;200.0;189.9;871273.0;1298.0;;759;200.0;186.4;836953.0;1244.0;;759;200.0;183.1;859113.0;1279.0;;759;200.0;193.1;877673.0;1308.0;;759;200.0;186.9;868073.0;1293.0;;759;200.0;189.4;883433.0;1317.0;;200.0;187.825
760;200.0;186.9;847593.0;1261.0;;760;200.0;187.5;876793.0;1306.0;;760;200.0;190.5;872553.0;1300.0;;760;200.0;186.6;838633.0;1247.0;;760;200.0;183.4;861033.0;1282.0;;760;200.0;193.1;878953.0;1310.0;;760;200.0;187.2;869993.0;1296.0;;760;200.0;189.9;884713.0;1319.0;;200.0;188.1375
761;200.0;187.4;848873.0;1263.0;;761;200.0;188.1;878313.0;1309.0;;761;200.0;190.9;874473.0;1303.0;;761;200.0;187.1;839913.0;1249.0;;761;200.0;183.9;862313.0;1284.0;;761;200.0;193.2;880873.0;1313.0;;761;200.0;187.4;871753.0;1298.0;;761;200.0;190.2;886633.0;1322.0;;200.0;188.525
762;200.0;187.4;850793.0;1266.0;;762;200.0;188.6;879593.0;1311.0;;762;200.0;190.9;875753.0;1305.0;;762;200.0;187.3;841833.0;1252.0;;762;200.0;184.3;864233.0;1287.0;;762;200.0;193.4;882153.0;1315.0;;762;200.0;187.6;873193.0;1301.0;;762;200.0;190.6;887913.0;1324.0;;200.0;188.7625
763;200.0;187.9;852073.0;1268.0;;763;200.0;189.1;881513.0;1314.0;;763;200.0;191.1;877673.0;1308.0;;763;200.0;187.4;843113.0;1254.0;;763;200.0;184.6;865513.0;1289.0;;763;200.0;193.8;884073.0;1318.0;;763;200.0;187.9;874473.0;1303.0;;763;200.0;191.0;889833.0;1327.0;;200.0;189.1
764;200.0;188.4;853993.0;1271.0;;764;200.0;189.6;882793.0;1316.0;;764;200.0;191.3;878953.0;1310.0;;764;200.0;187.5;845033.0;1257.0;;764;200.0;184.7;867433.0;1292.0;;764;200.0;194.0;885353.0;1320.0;;764;200.0;188.3;876393.0;1306.0;;764;200.0;191.3;891113.0;1329.0;;200.0;189.3875
765;200.0;188.8;855273.0;1273.0;;765;200.0;190.0;884713.0;1319.0;;765;200.0;191.5;880873.0;1313.0;;765;200.0;187.8;846313.0;1259.0;;765;200.0;185.1;868713.0;1294.0;;765;200.0;194.4;887273.0;1323.0;;765;200.0;188.6;877673.0;1308.0;;765;200.0;191.8;893033.0;1332.0;;200.0;189.75
766;200.0;189.0;857193.0;1276.0;;766;200.0;190.2;885993.0;1321.0;;766;200.0;191.7;882153.0;1315.0;;766;200.0;187.8;848233.0;1262.0;;766;200.0;185.6;870633.0;1297.0;;766;200.0;194.7;888553.0;1325.0;;766;200.0;189.1;879593.0;1311.0;;766;200.0;192.2;894313.0;1334.0;;200.0;190.0375
767;200.0;189.2;858473.0;1278.0;;767;200.0;190.5;887913.0;1324.0;;767;200.0;192.0;884073.0;1318.0;;767;200.0;188.0;849513.0;1264.0;;767;200.0;185.9;871913.0;1299.0;;767;200.0;194.9;890473.0;1328.0;;767;200.0;189.6;880873.0;1313.0;;767;200.0;192.6;896233.0;1337.0;;200.0;190.3375
768;200.0;189.5;860393.0;1281.0;;768;200.0;190.8;889273.0;1326.0;;768;200.0;192.1;885353.0;1320.0;;768;200.0;188.4;851433.0;1267.0;;768;200.0;186.4;873833.0;1302.0;;768;200.0;195.1;891753.0;1330.0;;768;200.0;189.9;882793.0;1316.0;;768;200.0;193.0;897513.0;1339.0;;200.0;190.65
769;200.0;189.6;861673.0;1283.0;;769;200.0;191.3;891113.0;1329.0;;769;200.0;192.6;887273.0;1323.0;;769;200.0;188.5;852713.0;1269.0;;769;200.0;186.8;875113.0;1304.0;;769;200.0;195.2;893673.0;1333.0;;769;200.0;190.4;884073.0;1318.0;;769;200.0;193.2;899433.0;1342.0;;200.0;190.95
770;200.0;189.6;863593.0;1286.0;;770;200.0;191.8;892473.0;1331.0;;770;200.0;192.8;888553.0;1325.0;;770;200.0;188.7;854633.0;1272.0;;770;200.0;187.2;877033.0;1307.0;;770;200.0;195.2;894953.0;1335.0;;770;200.0;190.7;885993.0;1321.0;;770;200.0;193.8;900713.0;1344.0;;200.0;191.225
771;200.0;189.8;864873.0;1288.0;;771;200.0;192.3;894313.0;1334.0;;771;200.0;193.1;890473.0;1328.0;;771;200.0;188.9;855913.0;1274.0;;771;200.0;187.8;878313.0;1309.0;;771;200.0;195.2;896873.0;1338.0;;771;200.0;191.0;887273.0;1323.0;;771;12.0;192.3;900713.0;1344.0;;176.5;191.3
772;200.0;190.0;866793.0;1291.0;;772;200.0;192.7;895593.0;1336.0;;772;200.0;193.4;891753.0;1330.0;;772;200.0;189.2;857833.0;1277.0;;772;200.0;188.1;880233.0;1312.0;;772;200.0;195.6;898153.0;1340.0;;772;200.0;191.4;889193.0;1326.0;;772;200.0;192.8;902633.0;1347.0;;200.0;191.65
773;200.0;190.4;868073.0;1293.0;;773;11.0;191.3;896233.0;1337.0;;773;200.0;193.8;893673.0;1333.0;;773;200.0;189.2;859113.0;1279.0;;773;200.0;188.5;881513.0;1314.0;;773;200.0;195.9;900073.0;1343.0;;773;200.0;191.9;890473.0;1328.0;;773;200.0;193.0;903913.0;1349.0;;176.375;191.75
774;200.0;190.5;869993.0;1296.0;;774;200.0;191.7;897513.0;1339.0;;774;200.0;194.2;894953.0;1335.0;;774;200.0;189.6;861033.0;1282.0;;774;200.0;189.1;883433.0;1317.0;;774;10.0;194.3;900073.0;1343.0;;774;200.0;192.4;892393.0;1331.0;;774;200.0;193.3;905833.0;1352.0;;176.25;191.8875
775;200.0;190.9;871273.0;1298.0;;775;200.0;191.8;899433.0;1342.0;;775;200.0;194.5;896873.0;1338.0;;775;200.0;189.8;862313.0;1284.0;;775;200.0;189.5;884713.0;1319.0;;775;200.0;194.6;901353.0;1345.0;;775;200.0;192.6;893753.0;1333.0;;775;11.0;191.8;905833.0;1352.0;;176.375;191.9375
776;200.0;191.0;873193.0;1301.0;;776;12.0;190.4;899433.0;1342.0;;776;200.0;194.9;898153.0;1340.0;;776;200.0;190.2;864233.0;1287.0;;776;200.0;189.9;886633.0;1322.0;;776;200.0;194.6;903273.0;1348.0;;776;200.0;193.2;895593.0;1336.0;;776;10.0;190.3;905833.0;1352.0;;152.75;191.8125
777;200.0;191.4;874473.0;1303.0;;777;200.0;191.0;900713.0;1344.0;;777;200.0;195.2;900073.0;1343.0;;777;200.0;190.6;865513.0;1289.0;;777;200.0;190.2;887913.0;1324.0;;777;200.0;194.8;904553.0;1350.0;;777;200.0;193.6;896873.0;1338.0;;777;10.0;188.9;905833.0;1352.0;;176.25;191.9625
778;200.0;191.7;876393.0;1306.0;;778;11.0;189.6;900713.0;1344.0;;778;200.0;195.4;901353.0;1345.0;;778;200.0;190.7;867433.0;1292.0;;778;200.0;190.7;889833.0;1327.0;;778;11.0;193.1;904553.0;1350.0;;778;200.0;194.0;898793.0;1341.0;;778;10.0;187.2;905833.0;1352.0;;129.0;191.54999999999998
779;200.0;191.9;877673.0;1308.0;;779;200.0;190.2;902633.0;1347.0;;779;200.0;195.8;903273.0;1348.0;;779;200.0;190.7;868713.0;1294.0;;779;200.0;191.1;891113.0;1329.0;;779;11.0;191.6;905193.0;1351.0;;779;200.0;194.0;900073.0;1343.0;;779;12.0;185.4;906473.0;1353.0;;152.875;191.3375
780;200.0;192.2;879593.0;1311.0;;780;200.0;190.4;903913.0;1349.0;;780;200.0;196.1;904553.0;1350.0;;780;200.0;190.9;870633.0;1297.0;;780;200.0;191.4;893033.0;1332.0;;780;12.0;190.0;905193.0;1351.0;;780;200.0;194.6;901993.0;1346.0;;780;12.0;183.9;906473.0;1353.0;;153.0;191.1875
781;200.0;192.4;880873.0;1313.0;;781;9.0;188.9;904233.0;1349.0;;781;11.0;194.5;904553.0;1350.0;;781;200.0;191.0;871913.0;1299.0;;781;200.0;191.8;894313.0;1334.0;;781;200.0;190.3;906473.0;1353.0;;781;13.0;193.0;901993.0;1346.0;;781;200.0;184.2;907753.0;1355.0;;129.125;190.7625
782;200.0;192.5;882793.0;1316.0;;782;10.0;187.2;904553.0;1350.0;;782;200.0;194.8;906473.0;1353.0;;782;200.0;191.2;873833.0;1302.0;;782;200.0;192.2;896233.0;1337.0;;782;200.0;190.7;908393.0;1356.0;;782;11.0;191.5;901993.0;1346.0;;782;10.0;182.5;907753.0;1355.0;;128.875;190.325
783;200.0;192.8;884073.0;1318.0;;783;12.0;185.7;904553.0;1350.0;;783;11.0;193.4;906473.0;1353.0;;783;200.0;191.4;875113.0;1304.0;;783;200.0;192.5;897513.0;1339.0;;783;11.0;188.8;908393.0;1356.0;;783;200.0;192.0;903913.0;1349.0;;783;10.0;180.8;908393.0;1356.0;;105.5;189.675
784;200.0;192.8;885993.0;1321.0;;784;10.0;183.9;904553.0;1350.0;;784;13.0;191.7;906473.0;1353.0;;784;200.0;191.6;877033.0;1307.0;;784;200.0;193.0;899433.0;1342.0;;784;200.0;188.8;909673.0;1358.0;;784;200.0;192.4;905193.0;1351.0;;784;10.0;179.1;908393.0;1356.0;;129.125;189.1625
785;200.0;193.2;887273.0;1323.0;;785;200.0;184.0;905833.0;1352.0;;785;200.0;191.9;908393.0;1356.0;;785;200.0;191.9;878313.0;1309.0;;785;200.0;193.4;900713.0;1344.0;;785;10.0;186.9;909673.0;1358.0;;785;10.0;190.9;905193.0;1351.0;;785;11.0;177.4;908393.0;1356.0;;128.875;188.7
786;200.0;193.2;889193.0;1326.0;;786;10.0;182.3;906473.0;1353.0;;786;10.0;190.4;908393.0;1356.0;;786;200.0;192.2;880233.0;1312.0;;786;200.0;193.7;902633.0;1347.0;;786;9.0;185.1;910313.0;1359.0;;786;11.0;189.3;905833.0;1352.0;;786;9.0;175.8;908393.0;1356.0;;81.125;187.75
787;200.0;193.4;890473.0;1328.0;;787;13.0;180.6;906473.0;1353.0;;787;12.0;188.5;908393.0;1356.0;;787;200.0;192.5;881513.0;1314.0;;787;13.0;192.2;902633.0;1347.0;;787;10.0;183.3;910313.0;1359.0;;787;11.0;187.8;905833.0;1352.0;;787;9.0;174.1;908393.0;1356.0;;58.5;186.55
788;200.0;193.7;892393.0;1331.0;;788;11.0;178.9;906473.0;1353.0;;788;12.0;186.6;908393.0;1356.0;;788;200.0;192.6;883433.0;1317.0;;788;14.0;190.7;902633.0;1347.0;;788;11.0;181.6;910313.0;1359.0;;788;9.0;186.2;905833.0;1352.0;;788;9.0;172.5;908393.0;1356.0;;58.25;185.35
789;200.0;194.0;893673.0;1333.0;;789;200.0;179.3;907753.0;1355.0;;789;10.0;184.8;908393.0;1356.0;;789;200.0;192.8;884713.0;1319.0;;789;200.0;191.3;904553.0;1350.0;;789;10.0;180.0;910313.0;1359.0;;789;200.0;186.3;907113.0;1354.0;;789;8.0;170.6;908393.0;1356.0;;128.5;184.88750000000002
790;200.0;194.6;895593.0;1336.0;;790;10.0;177.6;907753.0;1355.0;;790;11.0;183.0;908393.0;1356.0;;790;200.0;193.3;886633.0;1322.0;;790;11.0;189.8;904553.0;1350.0;;790;10.0;178.3;910313.0;1359.0;;790;9.0;184.4;907113.0;1354.0;;790;10.0;168.9;908393.0;1356.0;;57.625;183.7375
791;200.0;194.9;896873.0;1338.0;;791;10.0;175.8;908393.0;1356.0;;791;10.0;181.2;908393.0;1356.0;;791;200.0;193.6;887913.0;1324.0;;791;200.0;190.2;905833.0;1352.0;;791;11.0;176.5;910313.0;1359.0;;791;11.0;182.7;907753.0;1355.0;;791;11.0;167.1;908393.0;1356.0;;81.625;182.75
792;200.0;195.4;898793.0;1341.0;;792;11.0;173.9;908393.0;1356.0;;792;9.0;179.3;909033.0;1357.0;;792;200.0;193.8;889833.0;1327.0;;792;9.0;188.9;905833.0;1352.0;;792;10.0;174.8;910313.0;1359.0;;792;11.0;181.1;907753.0;1355.0;;792;9.0;165.4;909033.0;1357.0;;57.375;181.57500000000002
793;200.0;195.8;900073.0;1343.0;;793;11.0;172.3;908393.0;1356.0;;793;10.0;177.5;909033.0;1357.0;;793;200.0;193.9;891113.0;1329.0;;793;9.0;187.1;905833.0;1352.0;;793;10.0;173.1;910313.0;1359.0;;793;11.0;179.5;907753.0;1355.0;;793;11.0;163.7;909033.0;1357.0;;57.75;180.3625
794;200.0;195.9;901993.0;1346.0;;794;11.0;170.5;908393.0;1356.0;;794;10.0;175.8;909033.0;1357.0;;794;200.0;194.2;893033.0;1332.0;;794;11.0;185.4;906473.0;1353.0;;794;10.0;171.3;910953.0;1360.0;;794;10.0;177.9;907753.0;1355.0;;794;9.0;162.0;909033.0;1357.0;;57.625;179.125
795;200.0;196.3;903273.0;1348.0;;795;10.0;168.9;908393.0;1356.0;;795;9.0;173.9;909033.0;1357.0;;795;200.0;194.3;894313.0;1334.0;;795;11.0;183.6;906473.0;1353.0;;795;10.0;169.5;910953.0;1360.0;;795;12.0;176.4;907753.0;1355.0;;795;10.0;160.1;909033.0;1357.0;;57.75;177.875
796;200.0;196.8;905193.0;1351.0;;796;9.0;167.2;908393.0;1356.0;;796;11.0;172.2;909033.0;1357.0;;796;200.0;194.8;896233.0;1337.0;;796;11.0;181.7;906473.0;1353.0;;796;9.0;167.8;910953.0;1360.0;;796;12.0;174.6;907753.0;1355.0;;796;10.0;158.2;909033.0;1357.0;;57.75;176.6625
797;200.0;196.8;906473.0;1353.0;;797;10.0;165.4;908393.0;1356.0;;797;12.0;170.5;909033.0;1357.0;;797;200.0;195.2;897513.0;1339.0;;797;10.0;180.0;906473.0;1353.0;;797;10.0;165.8;910953.0;1360.0;;797;9.0;172.7;907753.0;1355.0;;797;8.0;156.3;909033.0;1357.0;;57.375;175.3375
798;200.0;197.2;908393.0;1356.0;;798;10.0;163.6;908793.0;1356.0;;798;9.0;168.7;909033.0;1357.0;;798;200.0;195.4;899433.0;1342.0;;798;9.0;178.4;906473.0;1353.0;;798;9.0;163.9;910953.0;1360.0;;798;10.0;171.1;907913.0;1355.0;;798;10.0;154.4;909033.0;1357.0;;57.125;174.0875
799;11.0;195.7;908393.0;1356.0;;799;10.0;161.8;909033.0;1357.0;;799;9.0;167.1;909033.0;1357.0;;799;200.0;195.6;900713.0;1344.0;;799;10.0;176.5;906473.0;1353.0;;799;9.0;162.0;910953.0;1360.0;;799;10.0;169.2;908393.0;1356.0;;799;10.0;152.5;909033.0;1357.0;;33.625;172.55
800;200.0;195.9;909673.0;1358.0;;800;9.0;160.1;909033.0;1357.0;;800;9.0;165.4;909673.0;1358.0;;800;200.0;195.8;902633.0;1347.0;;800;11.0;175.1;906473.0;1353.0;;800;10.0;160.1;910953.0;1360.0;;800;200.0;169.5;909673.0;1358.0;;800;10.0;150.6;909673.0;1358.0;;81.125;171.5625
801;10.0;194.4;909673.0;1358.0;;801;9.0;158.3;909033.0;1357.0;;801;9.0;163.7;909673.0;1358.0;;801;200.0;196.1;903913.0;1349.0;;801;9.0;173.5;906553.0;1353.0;;801;9.0;158.2;910953.0;1360.0;;801;9.0;167.7;909673.0;1358.0;;801;10.0;148.7;909673.0;1358.0;;33.125;170.075
802;10.0;192.8;910313.0;1359.0;;802;10.0;156.4;909033.0;1357.0;;802;10.0;161.9;909673.0;1358.0;;802;9.0;194.5;904553.0;1350.0;;802;11.0;171.9;907113.0;1354.0;;802;10.0;156.3;911593.0;1361.0;;802;10.0;165.8;909673.0;1358.0;;802;11.0;146.8;909673.0;1358.0;;10.125;168.3
803;10.0;190.9;910313.0;1359.0;;803;10.0;154.5;909033.0;1357.0;;803;10.0;160.1;909673.0;1358.0;;803;11.0;192.9;904553.0;1350.0;;803;10.0;170.3;907113.0;1354.0;;803;10.0;154.4;911593.0;1361.0;;803;9.0;164.0;909673.0;1358.0;;803;9.0;144.9;909673.0;1358.0;;9.875;166.5
804;10.0;189.2;910313.0;1359.0;;804;8.0;152.6;909033.0;1357.0;;804;9.0;158.3;909673.0;1358.0;;804;10.0;191.2;904553.0;1350.0;;804;11.0;168.7;907113.0;1354.0;;804;10.0;152.5;911593.0;1361.0;;804;9.0;162.1;910313.0;1359.0;;804;13.0;143.0;909673.0;1358.0;;10.0;164.7
805;10.0;187.5;910313.0;1359.0;;805;8.0;150.6;909033.0;1357.0;;805;9.0;156.4;909673.0;1358.0;;805;13.0;189.7;904553.0;1350.0;;805;10.0;167.0;907113.0;1354.0;;805;9.0;150.6;911593.0;1361.0;;805;10.0;160.2;910313.0;1359.0;;805;10.0;141.1;909673.0;1358.0;;9.875;162.8875
806;9.0;185.8;910313.0;1359.0;;806;10.0;148.8;909033.0;1357.0;;806;11.0;154.5;909673.0;1358.0;;806;200.0;190.1;906473.0;1353.0;;806;11.0;165.2;907113.0;1354.0;;806;9.0;148.7;911593.0;1361.0;;806;9.0;158.3;910313.0;1359.0;;806;10.0;139.2;909673.0;1358.0;;33.625;161.325
807;10.0;184.1;910313.0;1359.0;;807;10.0;146.8;909673.0;1358.0;;807;10.0;152.6;909673.0;1358.0;;807;10.0;188.2;906473.0;1353.0;;807;10.0;163.6;907113.0;1354.0;;807;9.0;146.8;911593.0;1361.0;;807;10.0;156.4;910313.0;1359.0;;807;10.0;137.3;909913.0;1358.0;;9.875;159.475
808;8.0;182.2;910313.0;1359.0;;808;10.0;145.0;909673.0;1358.0;;808;11.0;150.7;909993.0;1358.0;;808;9.0;186.6;906473.0;1353.0;;808;9.0;161.6;907113.0;1354.0;;808;9.0;144.9;911593.0;1361.0;;808;9.0;154.4;910313.0;1359.0;;808;9.0;135.4;910313.0;1359.0;;9.25;157.6
809;10.0;180.4;910313.0;1359.0;;809;9.0;143.0;909673.0;1358.0;;809;9.0;148.8;910313.0;1359.0;;809;10.0;185.0;906473.0;1353.0;;809;9.0;159.8;907753.0;1355.0;;809;11.0;143.0;911593.0;1361.0;;809;9.0;152.5;910313.0;1359.0;;809;9.0;133.5;910313.0;1359.0;;9.5;155.75
810;9.0;178.5;910953.0;1360.0;;810;9.0;141.1;909673.0;1358.0;;810;10.0;146.9;910313.0;1359.0;;810;10.0;183.3;906473.0;1353.0;;810;10.0;158.0;907753.0;1355.0;;810;10.0;141.1;912233.0;1362.0;;810;10.0;150.6;910313.0;1359.0;;810;11.0;131.6;910313.0;1359.0;;9.875;153.8875
811;8.0;176.6;910953.0;1360.0;;811;9.0;139.2;909673.0;1358.0;;811;200.0;146.9;911593.0;1361.0;;811;9.0;181.6;906473.0;1353.0;;811;200.0;158.0;909033.0;1357.0;;811;8.0;139.2;912233.0;1362.0;;811;10.0;148.7;910313.0;1359.0;;811;10.0;129.7;910313.0;1359.0;;56.75;152.48749999999998
812;9.0;174.9;910953.0;1360.0;;812;9.0;137.3;909673.0;1358.0;;812;10.0;145.0;911593.0;1361.0;;812;10.0;179.7;906473.0;1353.0;;812;9.0;156.4;909033.0;1357.0;;812;10.0;137.3;912233.0;1362.0;;812;9.0;146.8;910953.0;1360.0;;812;10.0;127.8;910313.0;1359.0;;9.5;150.65
813;9.0;173.0;910953.0;1360.0;;813;8.0;135.4;909673.0;1358.0;;813;11.0;143.1;911993.0;1361.0;;813;11.0;178.0;906473.0;1353.0;;813;9.0;154.5;909033.0;1357.0;;813;10.0;135.4;912233.0;1362.0;;813;9.0;144.9;910953.0;1360.0;;813;10.0;125.9;910313.0;1359.0;;9.625;148.775
814;10.0;171.1;910953.0;1360.0;;814;9.0;133.5;909673.0;1358.0;;814;11.0;141.2;912233.0;1362.0;;814;13.0;176.5;907113.0;1354.0;;814;11.0;152.6;909033.0;1357.0;;814;11.0;133.5;912233.0;1362.0;;814;8.0;143.0;910953.0;1360.0;;814;10.0;124.0;910313.0;1359.0;;10.375;146.925
815;10.0;169.4;910953.0;1360.0;;815;9.0;131.6;909673.0;1358.0;;815;9.0;139.3;912233.0;1362.0;;815;11.0;174.6;907113.0;1354.0;;815;10.0;150.7;909673.0;1358.0;;815;10.0;131.6;912233.0;1362.0;;815;9.0;141.1;910953.0;1360.0;;815;8.0;122.1;910313.0;1359.0;;9.5;145.05
816;8.0;167.5;910953.0;1360.0;;816;8.0;129.6;910313.0;1359.0;;816;9.0;137.4;912233.0;1362.0;;816;9.0;172.8;907113.0;1354.0;;816;9.0;148.8;909673.0;1358.0;;816;10.0;129.7;912233.0;1362.0;;816;10.0;139.2;910953.0;1360.0;;816;11.0;120.2;910953.0;1360.0;;9.25;143.15
817;10.0;165.7;910953.0;1360.0;;817;9.0;127.7;910313.0;1359.0;;817;10.0;135.5;912233.0;1362.0;;817;12.0;171.0;907113.0;1354.0;;817;10.0;146.9;909673.0;1358.0;;817;9.0;127.8;912233.0;1362.0;;817;10.0;137.3;910953.0;1360.0;;817;10.0;118.3;910953.0;1360.0;;10.0;141.275
818;8.0;163.8;910953.0;1360.0;;818;10.0;125.8;910313.0;1359.0;;818;11.0;133.6;912233.0;1362.0;;818;11.0;169.3;907113.0;1354.0;;818;10.0;145.0;909673.0;1358.0;;818;10.0;125.9;912233.0;1362.0;;818;9.0;135.4;910953.0;1360.0;;818;9.0;116.4;910953.0;1360.0;;9.75;139.4
819;10.0;161.9;911593.0;1361.0;;819;10.0;123.9;910313.0;1359.0;;819;10.0;131.7;912233.0;1362.0;;819;200.0;169.3;909033.0;1357.0;;819;10.0;143.1;909673.0;1358.0;;819;10.0;124.0;912873.0;1363.0;;819;9.0;133.5;910953.0;1360.0;;819;10.0;114.5;910953.0;1360.0;;33.625;137.7375
820;9.0;160.0;911593.0;1361.0;;820;9.0;122.0;910313.0;1359.0;;820;11.0;129.8;912233.0;1362.0;;820;8.0;167.4;909033.0;1357.0;;820;9.0;141.2;909673.0;1358.0;;820;13.0;122.1;912873.0;1363.0;;820;10.0;131.6;910953.0;1360.0;;820;10.0;112.6;910953.0;1360.0;;9.875;135.8375
821;10.0;158.1;911593.0;1361.0;;821;10.0;120.1;910313.0;1359.0;;821;11.0;127.9;912873.0;1363.0;;821;9.0;165.5;909033.0;1357.0;;821;10.0;139.3;909673.0;1358.0;;821;10.0;120.2;912873.0;1363.0;;821;9.0;129.7;911593.0;1361.0;;821;9.0;110.7;910953.0;1360.0;;9.75;133.9375
822;11.0;156.2;911593.0;1361.0;;822;9.0;118.2;910313.0;1359.0;;822;9.0;126.0;912873.0;1363.0;;822;11.0;163.7;909033.0;1357.0;;822;9.0;137.4;909673.0;1358.0;;822;10.0;118.3;912873.0;1363.0;;822;10.0;127.8;911593.0;1361.0;;822;11.0;108.8;910953.0;1360.0;;10.0;132.05
823;10.0;154.3;911593.0;1361.0;;823;10.0;116.3;910313.0;1359.0;;823;10.0;124.1;912873.0;1363.0;;823;8.0;161.9;909033.0;1357.0;;823;10.0;135.4;910313.0;1359.0;;823;11.0;116.4;912873.0;1363.0;;823;9.0;125.8;911593.0;1361.0;;823;10.0;106.9;910953.0;1360.0;;9.75;130.1375
824;10.0;152.4;911593.0;1361.0;;824;9.0;114.4;910313.0;1359.0;;824;9.0;122.2;912873.0;1363.0;;824;9.0;160.0;909033.0;1357.0;;824;10.0;133.6;910313.0;1359.0;;824;10.0;114.5;912873.0;1363.0;;824;10.0;124.0;911593.0;1361.0;;824;10.0;105.0;911593.0;1361.0;;9.625;128.2625
825;10.0;150.5;911593.0;1361.0;;825;9.0;112.5;910953.0;1360.0;;825;9.0;120.3;912873.0;1363.0;;825;10.0;158.0;909033.0;1357.0;;825;10.0;131.6;910313.0;1359.0;;825;10.0;112.6;912873.0;1363.0;;825;10.0;122.0;911593.0;1361.0;;825;9.0;103.1;911593.0;1361.0;;9.625;126.325
826;10.0;148.6;911593.0;1361.0;;826;10.0;110.6;910953.0;1360.0;;826;10.0;118.4;912873.0;1363.0;;826;10.0;156.2;909033.0;1357.0;;826;9.0;129.7;910313.0;1359.0;;826;10.0;110.7;913513.0;1364.0;;826;10.0;120.2;911593.0;1361.0;;826;11.0;101.2;911593.0;1361.0;;10.0;124.45
827;9.0;146.7;912233.0;1362.0;;827;9.0;108.7;910953.0;1360.0;;827;11.0;116.5;912873.0;1363.0;;827;10.0;154.3;909673.0;1358.0;;827;9.0;127.8;910313.0;1359.0;;827;10.0;108.8;913513.0;1364.0;;827;9.0;118.2;911593.0;1361.0;;827;9.0;99.3;911593.0;1361.0;;9.5;122.5375
828;12.0;144.8;912233.0;1362.0;;828;9.0;106.8;910953.0;1360.0;;828;11.0;114.6;913113.0;1363.0;;828;10.0;152.4;909673.0;1358.0;;828;9.0;125.9;910313.0;1359.0;;828;9.0;106.9;913513.0;1364.0;;828;11.0;116.4;911593.0;1361.0;;828;9.0;97.4;911593.0;1361.0;;10.0;120.65
829;10.0;142.9;912233.0;1362.0;;829;9.0;104.9;910953.0;1360.0;;829;11.0;112.7;913513.0;1364.0;;829;10.0;150.6;909673.0;1358.0;;829;9.0;124.0;910313.0;1359.0;;829;9.0;105.0;913513.0;1364.0;;829;10.0;114.4;912233.0;1362.0;;829;9.0;95.5;911593.0;1361.0;;9.625;118.75
830;9.0;141.0;912233.0;1362.0;;830;9.0;103.0;910953.0;1360.0;;830;10.0;110.8;913513.0;1364.0;;830;10.0;148.7;909673.0;1358.0;;830;9.0;122.1;910313.0;1359.0;;830;10.0;103.1;913513.0;1364.0;;830;9.0;112.5;912233.0;1362.0;;830;10.0;93.6;911593.0;1361.0;;9.5;116.85
831;9.0;139.1;912233.0;1362.0;;831;10.0;101.1;910953.0;1360.0;;831;10.0;108.9;913513.0;1364.0;;831;9.0;146.8;909673.0;1358.0;;831;10.0;120.2;910953.0;1360.0;;831;10.0;101.2;913513.0;1364.0;;831;10.0;110.6;912233.0;1362.0;;831;9.0;91.7;911593.0;1361.0;;9.625;114.95
832;9.0;137.2;912233.0;1362.0;;832;10.0;99.2;910953.0;1360.0;;832;10.0;107.0;913513.0;1364.0;;832;10.0;144.9;909673.0;1358.0;;832;9.0;118.3;910953.0;1360.0;;832;9.0;99.3;913513.0;1364.0;;832;10.0;108.7;912233.0;1362.0;;832;9.0;89.8;911593.0;1361.0;;9.5;113.05
833;10.0;135.3;912233.0;1362.0;;833;11.0;97.3;911593.0;1361.0;;833;10.0;105.1;913513.0;1364.0;;833;11.0;143.0;909673.0;1358.0;;833;10.0;116.4;910953.0;1360.0;;833;10.0;97.4;913513.0;1364.0;;833;9.0;106.8;912233.0;1362.0;;833;9.0;87.8;912233.0;1362.0;;10.0;111.1375
834;12.0;133.4;912233.0;1362.0;;834;8.0;95.4;911593.0;1361.0;;834;9.0;103.2;913513.0;1364.0;;834;10.0;141.1;909673.0;1358.0;;834;9.0;114.5;910953.0;1360.0;;834;10.0;95.5;914153.0;1365.0;;834;10.0;104.9;912233.0;1362.0;;834;10.0;86.0;912233.0;1362.0;;9.75;109.25
835;10.0;131.5;912873.0;1363.0;;835;10.0;93.4;911593.0;1361.0;;835;9.0;101.3;913513.0;1364.0;;835;8.0;139.2;909913.0;1358.0;;835;9.0;112.6;910953.0;1360.0;;835;10.0;93.6;914153.0;1365.0;;835;10.0;103.0;912233.0;1362.0;;835;9.0;84.0;912233.0;1362.0;;9.375;107.325
836;11.0;129.6;912873.0;1363.0;;836;8.0;91.5;911593.0;1361.0;;836;9.0;99.4;913513.0;1364.0;;836;10.0;137.3;910313.0;1359.0;;836;10.0;110.7;910953.0;1360.0;;836;10.0;91.7;914153.0;1365.0;;836;10.0;101.1;912233.0;1362.0;;836;9.0;82.1;912233.0;1362.0;;9.625;105.425
837;9.0;127.7;912873.0;1363.0;;837;9.0;89.6;911593.0;1361.0;;837;9.0;97.4;913833.0;1364.0;;837;9.0;135.4;910313.0;1359.0;;837;10.0;108.8;910953.0;1360.0;;837;11.0;89.8;914153.0;1365.0;;837;9.0;99.2;912873.0;1363.0;;837;9.0;80.2;912233.0;1362.0;;9.375;103.5125
838;10.0;125.8;912873.0;1363.0;;838;10.0;87.7;911593.0;1361.0;;838;10.0;95.6;914153.0;1365.0;;838;9.0;133.5;910313.0;1359.0;;838;10.0;106.9;910953.0;1360.0;;838;10.0;87.9;914153.0;1365.0;;838;9.0;97.3;912873.0;1363.0;;838;9.0;78.3;912233.0;1362.0;;9.625;101.625
839;10.0;123.9;912873.0;1363.0;;839;9.0;85.8;911593.0;1361.0;;839;10.0;93.6;914153.0;1365.0;;839;10.0;131.6;910313.0;1359.0;;839;10.0;105.0;910953.0;1360.0;;839;11.0;86.0;914153.0;1365.0;;839;9.0;95.4;912873.0;1363.0;;839;10.0;76.4;912233.0;1362.0;;9.875;99.7125
840;10.0;122.0;912873.0;1363.0;;840;9.0;83.9;911593.0;1361.0;;840;9.0;91.7;914153.0;1365.0;;840;9.0;129.7;910313.0;1359.0;;840;11.0;103.1;911593.0;1361.0;;840;11.0;84.1;914153.0;1365.0;;840;9.0;93.5;912873.0;1363.0;;840;10.0;74.5;912233.0;1362.0;;9.75;97.8125
841;11.0;120.1;912873.0;1363.0;;841;10.0;82.0;911993.0;1361.0;;841;9.0;89.8;914153.0;1365.0;;841;9.0;127.8;910313.0;1359.0;;841;10.0;101.2;911593.0;1361.0;;841;10.0;82.2;914153.0;1365.0;;841;10.0;91.6;912873.0;1363.0;;841;10.0;72.6;912873.0;1363.0;;9.875;95.9125
842;13.0;118.2;913513.0;1364.0;;842;10.0;80.1;912233.0;1362.0;;842;11.0;87.9;914153.0;1365.0;;842;9.0;125.9;910313.0;1359.0;;842;9.0;99.3;911593.0;1361.0;;842;10.0;80.3;914793.0;1366.0;;842;10.0;89.7;912873.0;1363.0;;842;10.0;70.7;912873.0;1363.0;;10.25;94.0125
843;10.0;116.3;913513.0;1364.0;;843;10.0;78.2;912233.0;1362.0;;843;9.0;86.0;914153.0;1365.0;;843;9.0;124.0;910313.0;1359.0;;843;9.0;97.4;911593.0;1361.0;;843;9.0;78.4;914793.0;1366.0;;843;10.0;87.8;912873.0;1363.0;;843;10.0;68.8;912873.0;1363.0;;9.5;92.1125
844;10.0;114.4;913513.0;1364.0;;844;10.0;76.3;912233.0;1362.0;;844;9.0;84.1;914153.0;1365.0;;844;9.0;122.0;910953.0;1360.0;;844;8.0;95.4;911593.0;1361.0;;844;10.0;76.5;914793.0;1366.0;;844;10.0;85.9;912873.0;1363.0;;844;11.0;66.9;912873.0;1363.0;;9.625;90.1875
845;10.0;112.5;913513.0;1364.0;;845;9.0;74.4;912233.0;1362.0;;845;10.0;82.2;914393.0;1365.0;;845;11.0;120.2;910953.0;1360.0;;845;8.0;93.5;911593.0;1361.0;;845;10.0;74.6;914793.0;1366.0;;845;10.0;84.0;912873.0;1363.0;;845;9.0;65.0;912873.0;1363.0;;9.625;88.3
846;8.0;110.6;913513.0;1364.0;;846;9.0;72.5;912233.0;1362.0;;846;9.0;80.3;914793.0;1366.0;;846;10.0;118.2;910953.0;1360.0;;846;10.0;91.6;911593.0;1361.0;;846;9.0;72.7;914793.0;1366.0;;846;10.0;82.1;913513.0;1364.0;;846;10.0;63.1;912873.0;1363.0;;9.375;86.3875
847;10.0;108.7;913513.0;1364.0;;847;9.0;70.6;912233.0;1362.0;;847;9.0;78.4;914793.0;1366.0;;847;10.0;116.4;910953.0;1360.0;;847;10.0;89.7;911593.0;1361.0;;847;10.0;70.8;914793.0;1366.0;;847;10.0;80.2;913513.0;1364.0;;847;9.0;61.2;912873.0;1363.0;;9.625;84.5
848;9.0;106.8;913513.0;1364.0;;848;8.0;68.6;912233.0;1362.0;;848;9.0;76.5;914793.0;1366.0;;848;10.0;114.4;910953.0;1360.0;;848;10.0;87.8;912233.0;1362.0;;848;9.0;68.9;914793.0;1366.0;;848;12.0;78.3;913513.0;1364.0;;848;9.0;59.3;912873.0;1363.0;;9.5;82.575
849;10.0;104.9;913513.0;1364.0;;849;10.0;66.8;912233.0;1362.0;;849;8.0;74.6;914793.0;1366.0;;849;11.0;112.6;910953.0;1360.0;;849;10.0;85.9;912233.0;1362.0;;849;10.0;67.0;914793.0;1366.0;;849;9.0;76.4;913513.0;1364.0;;849;10.0;57.4;913513.0;1364.0;;9.75;80.7
850;9.0;103.0;913513.0;1364.0;;850;10.0;64.8;912873.0;1363.0;;850;9.0;72.7;914793.0;1366.0;;850;9.0;110.6;910953.0;1360.0;;850;9.0;84.0;912233.0;1362.0;;850;9.0;65.1;914793.0;1366.0;;850;9.0;74.5;913513.0;1364.0;;850;9.0;55.5;913513.0;1364.0;;9.125;78.775
851;11.0;101.1;914153.0;1365.0;;851;9.0;62.9;912873.0;1363.0;;851;11.0;70.8;914793.0;1366.0;;851;200.0;110.6;912873.0;1363.0;;851;10.0;82.1;912233.0;1362.0;;851;11.0;63.2;915433.0;1367.0;;851;9.0;72.6;913513.0;1364.0;;851;9.0;53.6;913513.0;1364.0;;33.75;77.1125
852;8.0;99.2;914153.0;1365.0;;852;9.0;61.0;912873.0;1363.0;;852;10.0;68.9;914793.0;1366.0;;852;11.0;108.8;912873.0;1363.0;;852;10.0;80.2;912233.0;1362.0;;852;10.0;61.3;915433.0;1367.0;;852;11.0;70.7;913513.0;1364.0;;852;11.0;51.7;913513.0;1364.0;;10.0;75.225
853;9.0;97.3;914153.0;1365.0;;853;9.0;59.1;912873.0;1363.0;;853;10.0;67.0;914793.0;1366.0;;853;9.0;106.8;912873.0;1363.0;;853;10.0;78.3;912233.0;1362.0;;853;9.0;59.4;915433.0;1367.0;;853;9.0;68.8;913673.0;1364.0;;853;10.0;49.8;913513.0;1364.0;;9.375;73.3125
854;10.0;95.4;914153.0;1365.0;;854;10.0;57.2;912873.0;1363.0;;854;10.0;65.1;915273.0;1366.0;;854;200.0;106.8;914793.0;1366.0;;854;9.0;76.4;912233.0;1362.0;;854;10.0;57.5;915433.0;1367.0;;854;10.0;66.9;914153.0;1365.0;;854;9.0;47.9;913513.0;1364.0;;33.5;71.65
855;9.0;93.5;914153.0;1365.0;;855;10.0;55.3;912873.0;1363.0;;855;10.0;63.2;915433.0;1367.0;;855;10.0;105.0;914793.0;1366.0;;855;10.0;74.5;912233.0;1362.0;;855;10.0;55.6;915433.0;1367.0;;855;9.0;65.0;914153.0;1365.0;;855;8.0;46.0;913513.0;1364.0;;9.5;69.7625
856;10.0;91.6;914153.0;1365.0;;856;9.0;53.4;912873.0;1363.0;;856;9.0;61.3;915433.0;1367.0;;856;9.0;103.0;914793.0;1366.0;;856;9.0;72.6;912873.0;1363.0;;856;10.0;53.7;915433.0;1367.0;;856;10.0;63.1;914153.0;1365.0;;856;10.0;44.0;913513.0;1364.0;;9.5;67.8375
857;9.0;89.6;914153.0;1365.0;;857;8.0;51.5;912873.0;1363.0;;857;10.0;59.4;915433.0;1367.0;;857;9.0;101.1;914793.0;1366.0;;857;9.0;70.7;912873.0;1363.0;;857;11.0;51.8;915433.0;1367.0;;857;8.0;61.2;914153.0;1365.0;;857;8.0;42.1;913513.0;1364.0;;9.0;65.925
858;9.0;87.7;914153.0;1365.0;;858;10.0;49.6;913113.0;1363.0;;858;9.0;57.4;915433.0;1367.0;;858;11.0;99.2;914793.0;1366.0;;858;10.0;68.8;912873.0;1363.0;;858;9.0;49.9;915433.0;1367.0;;858;10.0;59.2;914153.0;1365.0;;858;10.0;40.2;914153.0;1365.0;;9.75;64.0
859;11.0;85.8;914793.0;1366.0;;859;10.0;47.7;913513.0;1364.0;;859;9.0;55.5;915433.0;1367.0;;859;9.0;97.3;914793.0;1366.0;;859;11.0;66.9;912873.0;1363.0;;859;10.0;48.0;916073.0;1368.0;;859;10.0;57.4;914153.0;1365.0;;859;10.0;38.3;914153.0;1365.0;;10.0;62.1125
860;9.0;83.9;914793.0;1366.0;;860;10.0;45.8;913513.0;1364.0;;860;10.0;53.6;915433.0;1367.0;;860;9.0;95.4;914793.0;1366.0;;860;10.0;65.0;912873.0;1363.0;;860;9.0;46.1;916073.0;1368.0;;860;10.0;55.4;914153.0;1365.0;;860;10.0;36.4;914153.0;1365.0;;9.625;60.2
861;9.0;82.0;914793.0;1366.0;;861;9.0;43.9;913513.0;1364.0;;861;10.0;51.7;915433.0;1367.0;;861;10.0;93.5;914793.0;1366.0;;861;10.0;63.1;912873.0;1363.0;;861;10.0;44.2;916073.0;1368.0;;861;10.0;53.6;914153.0;1365.0;;861;10.0;34.5;914153.0;1365.0;;9.75;58.3125
862;9.0;80.1;914793.0;1366.0;;862;11.0;42.0;913513.0;1364.0;;862;10.0;49.8;915833.0;1367.0;;862;9.0;91.6;914793.0;1366.0;;862;9.0;61.2;912873.0;1363.0;;862;10.0;42.3;916073.0;1368.0;;862;10.0;51.6;914793.0;1366.0;;862;10.0;32.6;914153.0;1365.0;;9.75;56.4
863;10.0;78.2;914793.0;1366.0;;863;9.0;40.1;913513.0;1364.0;;863;9.0;47.9;916073.0;1368.0;;863;10.0;89.7;915433.0;1367.0;;863;10.0;59.3;912873.0;1363.0;;863;11.0;40.4;916073.0;1368.0;;863;9.0;49.7;914793.0;1366.0;;863;8.0;30.7;914153.0;1365.0;;9.5;54.5
864;9.0;76.3;914793.0;1366.0;;864;9.0;38.2;913513.0;1364.0;;864;9.0;46.0;916073.0;1368.0;;864;10.0;87.8;915433.0;1367.0;;864;11.0;57.4;913513.0;1364.0;;864;9.0;38.5;916073.0;1368.0;;864;9.0;47.8;914793.0;1366.0;;864;10.0;28.8;914153.0;1365.0;;9.5;52.6
865;9.0;74.4;914793.0;1366.0;;865;10.0;36.3;913513.0;1364.0;;865;200.0;46.0;917353.0;1370.0;;865;10.0;85.9;915433.0;1367.0;;865;9.0;55.5;913513.0;1364.0;;865;9.0;36.6;916073.0;1368.0;;865;11.0;45.9;914793.0;1366.0;;865;8.0;26.9;914153.0;1365.0;;33.25;50.9375
866;11.0;72.5;914793.0;1366.0;;866;10.0;34.4;913513.0;1364.0;;866;8.0;44.1;917353.0;1370.0;;866;10.0;84.0;915433.0;1367.0;;866;10.0;53.6;913513.0;1364.0;;866;11.0;34.7;916073.0;1368.0;;866;10.0;44.0;914793.0;1366.0;;866;9.0;25.0;914793.0;1366.0;;9.875;49.0375
867;11.0;70.6;914793.0;1366.0;;867;10.0;32.5;914153.0;1365.0;;867;12.0;42.2;917353.0;1370.0;;867;9.0;82.1;915433.0;1367.0;;867;10.0;51.7;913513.0;1364.0;;867;9.0;32.8;916713.0;1369.0;;867;10.0;42.1;914793.0;1366.0;;867;9.0;23.1;914793.0;1366.0;;10.0;47.1375
868;10.0;68.7;915433.0;1367.0;;868;8.0;30.6;914153.0;1365.0;;868;10.0;40.3;917993.0;1371.0;;868;9.0;80.2;915433.0;1367.0;;868;8.0;49.8;913513.0;1364.0;;868;10.0;30.8;916713.0;1369.0;;868;10.0;40.2;914793.0;1366.0;;868;10.0;21.2;914793.0;1366.0;;9.375;45.225
869;10.0;66.8;915433.0;1367.0;;869;9.0;28.6;914153.0;1365.0;;869;8.0;38.4;917993.0;1371.0;;869;10.0;78.3;915433.0;1367.0;;869;9.0;47.8;913513.0;1364.0;;869;10.0;29.0;916713.0;1369.0;;869;9.0;38.3;914793.0;1366.0;;869;9.0;19.3;914793.0;1366.0;;9.25;43.3125
870;9.0;64.9;915433.0;1367.0;;870;10.0;26.7;914153.0;1365.0;;870;8.0;36.5;917993.0;1371.0;;870;10.0;76.4;915433.0;1367.0;;870;9.0;45.9;913513.0;1364.0;;870;8.0;27.0;916713.0;1369.0;;870;10.0;36.4;915433.0;1367.0;;870;9.0;17.4;914793.0;1366.0;;9.125;41.4
871;9.0;63.0;915433.0;1367.0;;871;8.0;24.8;914153.0;1365.0;;871;9.0;34.6;917993.0;1371.0;;871;10.0;74.5;916073.0;1368.0;;871;8.0;44.0;913513.0;1364.0;;871;10.0;25.1;916713.0;1369.0;;871;9.0;34.5;915433.0;1367.0;;871;9.0;17.3;914793.0;1366.0;;9.0;39.725
872;11.0;61.1;915433.0;1367.0;;872;10.0;22.9;914153.0;1365.0;;872;10.0;32.7;917993.0;1371.0;;872;9.0;72.6;916073.0;1368.0;;872;9.0;42.1;913513.0;1364.0;;872;11.0;23.2;916713.0;1369.0;;872;9.0;32.6;915433.0;1367.0;;872;11.0;15.4;914793.0;1366.0;;10.0;37.825
873;11.0;59.2;915433.0;1367.0;;873;10.0;22.9;914153.0;1365.0;;873;10.0;30.8;917993.0;1371.0;;873;10.0;70.7;916073.0;1368.0;;873;9.0;40.2;914153.0;1365.0;;873;11.0;21.4;916713.0;1369.0;;873;8.0;30.7;915433.0;1367.0;;873;9.0;13.5;914793.0;1366.0;;9.75;36.175
874;10.0;57.3;915433.0;1367.0;;874;11.0;21.0;914153.0;1365.0;;874;10.0;28.9;917993.0;1371.0;;874;9.0;68.8;916073.0;1368.0;;874;10.0;38.3;914153.0;1365.0;;874;12.0;21.4;916713.0;1369.0;;874;10.0;28.8;915433.0;1367.0;;874;10.0;11.6;914793.0;1366.0;;10.25;34.512499999999996
875;9.0;55.4;915433.0;1367.0;;875;10.0;19.1;914553.0;1365.0;;875;10.0;27.0;917993.0;1371.0;;875;10.0;66.9;916073.0;1368.0;;875;9.0;36.4;914153.0;1365.0;;875;9.0;19.5;917353.0;1370.0;;875;10.0;26.9;915433.0;1367.0;;875;10.0;11.6;915433.0;1367.0;;9.625;32.85
876;10.0;53.5;916073.0;1368.0;;876;9.0;19.1;914793.0;1366.0;;876;11.0;25.1;918633.0;1372.0;;876;11.0;65.0;916073.0;1368.0;;876;10.0;34.5;914153.0;1365.0;;876;10.0;17.6;917353.0;1370.0;;876;9.0;25.0;915433.0;1367.0;;876;10.0;11.6;915433.0;1367.0;;10.0;31.425
877;9.0;51.6;916073.0;1368.0;;877;10.0;17.2;914793.0;1366.0;;877;10.0;23.2;918633.0;1372.0;;877;9.0;63.1;916073.0;1368.0;;877;10.0;32.6;914153.0;1365.0;;877;10.0;15.7;917353.0;1370.0;;877;8.0;23.1;915433.0;1367.0;;877;10.0;11.6;915433.0;1367.0;;9.5;29.7625
878;10.0;49.7;916073.0;1368.0;;878;11.0;17.2;914793.0;1366.0;;878;11.0;21.3;918633.0;1372.0;;878;11.0;61.2;916073.0;1368.0;;878;9.0;30.7;914153.0;1365.0;;878;10.0;15.6;917353.0;1370.0;;878;10.0;21.2;915433.0;1367.0;;878;9.0;11.6;915433.0;1367.0;;10.125;28.5625
879;10.0;47.8;916073.0;1368.0;;879;9.0;15.3;914793.0;1366.0;;879;10.0;19.4;918633.0;1372.0;;879;10.0;59.3;916713.0;1369.0;;879;10.0;28.8;914153.0;1365.0;;879;9.0;15.6;917353.0;1370.0;;879;9.0;19.2;916073.0;1368.0;;879;10.0;11.6;915433.0;1367.0;;9.625;27.125
880;9.0;45.9;916073.0;1368.0;;880;10.0;13.4;914793.0;1366.0;;880;11.0;17.5;918633.0;1372.0;;880;9.0;57.4;916713.0;1369.0;;880;9.0;26.9;914153.0;1365.0;;880;10.0;15.6;917353.0;1370.0;;880;9.0;17.3;916073.0;1368.0;;880;10.0;11.6;915433.0;1367.0;;9.625;25.7
881;11.0;44.0;916073.0;1368.0;;881;10.0;13.4;914793.0;1366.0;;881;9.0;17.5;918633.0;1372.0;;881;10.0;55.5;916713.0;1369.0;;881;9.0;25.0;914153.0;1365.0;;881;11.0;13.7;917353.0;1370.0;;881;10.0;17.3;916073.0;1368.0;;881;10.0;9.7;915433.0;1367.0;;10.0;24.5125
882;9.0;42.1;916073.0;1368.0;;882;9.0;13.4;914793.0;1366.0;;882;11.0;15.6;918633.0;1372.0;;882;11.0;53.6;916713.0;1369.0;;882;10.0;23.1;914793.0;1366.0;;882;10.0;11.8;917353.0;1370.0;;882;10.0;17.3;916073.0;1368.0;;882;10.0;9.7;915433.0;1367.0;;10.0;23.325
883;10.0;40.2;916073.0;1368.0;;883;10.0;13.4;915113.0;1366.0;;883;11.0;15.6;918713.0;1372.0;;883;9.0;51.7;916713.0;1369.0;;883;10.0;21.2;914793.0;1366.0;;883;9.0;11.8;917993.0;1371.0;;883;10.0;15.4;916073.0;1368.0;;883;9.0;9.6;916073.0;1368.0;;9.75;22.3625
884;9.0;38.3;916713.0;1369.0;;884;10.0;13.4;915433.0;1367.0;;884;10.0;15.6;919273.0;1373.0;;884;10.0;49.8;916713.0;1369.0;;884;10.0;19.3;914793.0;1366.0;;884;10.0;9.9;917993.0;1371.0;;884;8.0;13.5;916073.0;1368.0;;884;10.0;9.6;916073.0;1368.0;;9.625;21.175
885;10.0;36.4;916713.0;1369.0;;885;10.0;11.5;915433.0;1367.0;;885;9.0;13.6;919273.0;1373.0;;885;9.0;47.9;916713.0;1369.0;;885;9.0;17.4;914793.0;1366.0;;885;9.0;9.9;917993.0;1371.0;;885;10.0;13.5;916073.0;1368.0;;885;9.0;9.6;916073.0;1368.0;;9.375;19.974999999999998
886;10.0;34.5;916713.0;1369.0;;886;10.0;11.5;915433.0;1367.0;;886;11.0;13.7;919273.0;1373.0;;886;9.0;46.0;916713.0;1369.0;;886;9.0;15.4;914793.0;1366.0;;886;11.0;9.9;917993.0;1371.0;;886;11.0;13.5;916073.0;1368.0;;886;9.0;9.6;916073.0;1368.0;;10.0;19.2625
887;10.0;32.6;916713.0;1369.0;;887;9.0;11.4;915433.0;1367.0;;887;10.0;13.6;919273.0;1373.0;;887;10.0;44.0;917353.0;1370.0;;887;10.0;15.4;914793.0;1366.0;;887;9.0;9.9;917993.0;1371.0;;887;10.0;13.5;916713.0;1369.0;;887;9.0;9.6;916073.0;1368.0;;9.625;18.75
888;10.0;30.7;916713.0;1369.0;;888;10.0;11.4;915433.0;1367.0;;888;12.0;13.6;919273.0;1373.0;;888;9.0;42.1;917353.0;1370.0;;888;9.0;15.4;914793.0;1366.0;;888;10.0;9.9;917993.0;1371.0;;888;9.0;13.5;916713.0;1369.0;;888;9.0;9.6;916073.0;1368.0;;9.75;18.275
889;10.0;28.8;916713.0;1369.0;;889;10.0;9.5;915433.0;1367.0;;889;9.0;13.6;919273.0;1373.0;;889;10.0;40.2;917353.0;1370.0;;889;9.0;13.4;914793.0;1366.0;;889;10.0;9.9;917993.0;1371.0;;889;10.0;11.6;916713.0;1369.0;;889;8.0;9.6;916073.0;1368.0;;9.5;17.075
890;10.0;26.9;916713.0;1369.0;;890;11.0;9.5;915433.0;1367.0;;890;12.0;13.6;919273.0;1373.0;;890;10.0;38.3;917353.0;1370.0;;890;9.0;13.4;915433.0;1367.0;;890;10.0;9.9;917993.0;1371.0;;890;9.0;11.6;916713.0;1369.0;;890;8.0;9.6;916073.0;1368.0;;9.875;16.599999999999998
891;200.0;26.9;918633.0;1372.0;;891;11.0;9.5;915833.0;1367.0;;891;10.0;13.6;919273.0;1373.0;;891;9.0;36.4;917353.0;1370.0;;891;10.0;11.5;915433.0;1367.0;;891;10.0;9.9;918633.0;1372.0;;891;10.0;11.6;916713.0;1369.0;;891;10.0;9.6;916073.0;1368.0;;33.75;16.125
892;9.0;25.0;918633.0;1372.0;;892;10.0;9.5;916073.0;1368.0;;892;11.0;13.7;919913.0;1374.0;;892;13.0;34.6;917353.0;1370.0;;892;10.0;11.5;915433.0;1367.0;;892;9.0;9.9;918633.0;1372.0;;892;11.0;11.6;916713.0;1369.0;;892;11.0;9.6;916713.0;1369.0;;10.5;15.675
893;11.0;23.1;918633.0;1372.0;;893;10.0;9.5;916073.0;1368.0;;893;11.0;13.7;919913.0;1374.0;;893;10.0;32.7;917353.0;1370.0;;893;11.0;11.6;915433.0;1367.0;;893;9.0;9.9;918633.0;1372.0;;893;9.0;11.5;916713.0;1369.0;;893;9.0;9.6;916713.0;1369.0;;10.0;15.200000000000001
894;10.0;21.2;918633.0;1372.0;;894;10.0;9.5;916073.0;1368.0;;894;10.0;13.7;919913.0;1374.0;;894;11.0;30.8;917353.0;1370.0;;894;9.0;11.5;915433.0;1367.0;;894;9.0;9.8;918633.0;1372.0;;894;11.0;11.6;916713.0;1369.0;;894;11.0;9.6;916713.0;1369.0;;10.125;14.7125
895;9.0;19.3;918633.0;1372.0;;895;9.0;9.5;916073.0;1368.0;;895;9.0;13.7;919913.0;1374.0;;895;10.0;28.9;917993.0;1371.0;;895;10.0;11.5;915433.0;1367.0;;895;9.0;9.8;918633.0;1372.0;;895;9.0;11.5;917353.0;1370.0;;895;9.0;9.6;916713.0;1369.0;;9.25;14.225
896;9.0;17.4;918633.0;1372.0;;896;10.0;9.5;916073.0;1368.0;;896;9.0;13.6;919913.0;1374.0;;896;10.0;27.0;917993.0;1371.0;;896;8.0;11.5;915433.0;1367.0;;896;12.0;9.9;918633.0;1372.0;;896;10.0;11.5;917353.0;1370.0;;896;9.0;9.6;916713.0;1369.0;;9.625;13.75
897;10.0;15.5;919273.0;1373.0;;897;11.0;9.5;916073.0;1368.0;;897;10.0;13.6;919913.0;1374.0;;897;9.0;25.1;917993.0;1371.0;;897;9.0;11.5;915433.0;1367.0;;897;10.0;9.9;918633.0;1372.0;;897;11.0;11.5;917353.0;1370.0;;897;13.0;9.6;916713.0;1369.0;;10.375;13.275
898;10.0;13.6;919273.0;1373.0;;898;9.0;9.5;916073.0;1368.0;;898;11.0;13.6;919913.0;1374.0;;898;11.0;23.2;917993.0;1371.0;;898;10.0;11.5;915433.0;1367.0;;898;11.0;9.9;918633.0;1372.0;;898;11.0;11.5;917353.0;1370.0;;898;9.0;9.6;916713.0;1369.0;;10.25;12.8
899;10.0;13.6;919273.0;1373.0;;899;10.0;9.5;916073.0;1368.0;;899;11.0;13.7;920393.0;1374.0;;899;10.0;21.3;917993.0;1371.0;;899;10.0;11.5;916073.0;1368.0;;899;10.0;9.9;919273.0;1373.0;;899;10.0;11.5;917353.0;1370.0;;899;9.0;9.6;916713.0;1369.0;;10.0;12.575
900;9.0;11.6;919273.0;1373.0;;900;9.0;9.5;916713.0;1369.0;;900;10.0;13.7;920553.0;1375.0;;900;200.0;21.3;919913.0;1374.0;;900;9.0;11.5;916073.0;1368.0;;900;10.0;9.9;919273.0;1373.0;;900;9.0;9.6;917353.0;1370.0;;900;10.0;9.6;917353.0;1370.0;;33.25;12.0875
901;10.0;11.6;919273.0;1373.0;;901;10.0;9.5;916713.0;1369.0;;901;10.0;13.7;920553.0;1375.0;;901;10.0;19.4;919913.0;1374.0;;901;11.0;11.5;916073.0;1368.0;;901;9.0;9.9;919273.0;1373.0;;901;10.0;9.6;917353.0;1370.0;;901;9.0;9.6;917353.0;1370.0;;9.875;11.85
902;10.0;11.6;919273.0;1373.0;;902;8.0;9.5;916713.0;1369.0;;902;10.0;13.7;920553.0;1375.0;;902;9.0;19.4;919913.0;1374.0;;902;9.0;11.5;916073.0;1368.0;;902;10.0;9.9;919273.0;1373.0;;902;9.0;9.6;917353.0;1370.0;;902;9.0;9.6;917353.0;1370.0;;9.25;11.85
903;10.0;11.6;919273.0;1373.0;;903;10.0;9.5;916713.0;1369.0;;903;11.0;13.7;920553.0;1375.0;;903;8.0;19.3;919913.0;1374.0;;903;10.0;11.5;916073.0;1368.0;;903;10.0;9.9;919273.0;1373.0;;903;10.0;9.6;917993.0;1371.0;;903;10.0;9.6;917353.0;1370.0;;9.875;11.8375
904;10.0;11.6;919273.0;1373.0;;904;8.0;9.5;916713.0;1369.0;;904;12.0;13.7;920553.0;1375.0;;904;10.0;19.3;919913.0;1374.0;;904;10.0;11.5;916073.0;1368.0;;904;11.0;9.9;919273.0;1373.0;;904;10.0;9.6;917993.0;1371.0;;904;9.0;9.6;917353.0;1370.0;;10.0;11.8375
905;11.0;11.6;919913.0;1374.0;;905;9.0;9.5;916713.0;1369.0;;905;10.0;13.7;920553.0;1375.0;;905;11.0;19.3;919913.0;1374.0;;905;10.0;11.5;916073.0;1368.0;;905;9.0;9.9;919273.0;1373.0;;905;10.0;9.6;917993.0;1371.0;;905;9.0;9.6;917353.0;1370.0;;9.875;11.8375
906;10.0;11.7;919913.0;1374.0;;906;12.0;9.5;916713.0;1369.0;;906;200.0;15.6;922473.0;1378.0;;906;11.0;17.4;919913.0;1374.0;;906;9.0;11.4;916073.0;1368.0;;906;10.0;9.9;919273.0;1373.0;;906;9.0;9.6;917993.0;1371.0;;906;13.0;9.6;917353.0;1370.0;;34.25;11.8375
907;10.0;11.7;919913.0;1374.0;;907;11.0;9.5;916713.0;1369.0;;907;11.0;15.6;922473.0;1378.0;;907;11.0;17.4;919913.0;1374.0;;907;10.0;11.4;916713.0;1369.0;;907;10.0;9.9;919913.0;1374.0;;907;10.0;9.6;917993.0;1371.0;;907;10.0;9.6;917353.0;1370.0;;10.375;11.8375
908;10.0;11.7;919913.0;1374.0;;908;10.0;9.5;917353.0;1370.0;;908;10.0;15.6;922473.0;1378.0;;908;9.0;17.4;920553.0;1375.0;;908;12.0;11.5;916713.0;1369.0;;908;9.0;9.9;919913.0;1374.0;;908;11.0;9.7;917993.0;1371.0;;908;9.0;9.6;917993.0;1371.0;;10.0;11.862499999999999
909;9.0;11.7;919913.0;1374.0;;909;10.0;9.5;917353.0;1370.0;;909;10.0;15.6;922473.0;1378.0;;909;11.0;17.4;920553.0;1375.0;;909;8.0;11.5;916713.0;1369.0;;909;10.0;9.9;919913.0;1374.0;;909;10.0;9.7;917993.0;1371.0;;909;10.0;9.6;917993.0;1371.0;;9.75;11.862499999999999
910;11.0;11.7;919913.0;1374.0;;910;10.0;9.6;917353.0;1370.0;;910;13.0;15.7;922473.0;1378.0;;910;9.0;17.4;920553.0;1375.0;;910;9.0;11.5;916713.0;1369.0;;910;10.0;9.9;919913.0;1374.0;;910;8.0;9.6;917993.0;1371.0;;910;10.0;9.6;917993.0;1371.0;;10.0;11.875
911;11.0;11.7;919913.0;1374.0;;911;10.0;9.6;917353.0;1370.0;;911;11.0;13.8;922713.0;1378.0;;911;11.0;17.5;920553.0;1375.0;;911;8.0;9.5;916713.0;1369.0;;911;11.0;10.0;919913.0;1374.0;;911;10.0;9.6;917993.0;1371.0;;911;10.0;9.6;917993.0;1371.0;;10.25;11.4125
912;10.0;11.7;919913.0;1374.0;;912;9.0;9.6;917353.0;1370.0;;912;10.0;13.8;923113.0;1379.0;;912;10.0;17.5;920553.0;1375.0;;912;9.0;9.5;916713.0;1369.0;;912;10.0;10.0;919913.0;1374.0;;912;10.0;9.7;918633.0;1372.0;;912;12.0;9.6;917993.0;1371.0;;10.0;11.425
913;10.0;11.7;920553.0;1375.0;;913;9.0;9.6;917353.0;1370.0;;913;10.0;13.8;923113.0;1379.0;;913;10.0;17.4;920553.0;1375.0;;913;9.0;9.5;916713.0;1369.0;;913;10.0;10.0;919913.0;1374.0;;913;10.0;9.7;918633.0;1372.0;;913;9.0;9.6;917993.0;1371.0;;9.625;11.4125
914;10.0;11.7;920553.0;1375.0;;914;9.0;9.6;917353.0;1370.0;;914;10.0;13.8;923113.0;1379.0;;914;10.0;17.4;920553.0;1375.0;;914;10.0;9.5;916713.0;1369.0;;914;11.0;10.0;919913.0;1374.0;;914;9.0;9.7;918633.0;1372.0;;914;9.0;9.6;917993.0;1371.0;;9.75;11.4125
915;10.0;11.7;920553.0;1375.0;;915;9.0;9.6;917353.0;1370.0;;915;9.0;13.8;923113.0;1379.0;;915;9.0;17.4;920553.0;1375.0;;915;9.0;9.5;917353.0;1370.0;;915;12.0;10.0;920553.0;1375.0;;915;10.0;9.7;918633.0;1372.0;;915;8.0;9.6;917993.0;1371.0;;9.5;11.4125
916;11.0;11.8;920553.0;1375.0;;916;8.0;9.6;917833.0;1370.0;;916;11.0;13.8;923113.0;1379.0;;916;10.0;17.4;921193.0;1376.0;;916;10.0;9.5;917353.0;1370.0;;916;11.0;10.0;920553.0;1375.0;;916;10.0;9.7;918633.0;1372.0;;916;8.0;9.6;918633.0;1372.0;;9.875;11.425
917;10.0;11.8;920553.0;1375.0;;917;10.0;9.6;917993.0;1371.0;;917;9.0;13.8;923113.0;1379.0;;917;9.0;17.4;921193.0;1376.0;;917;8.0;9.5;917353.0;1370.0;;917;11.0;10.0;920553.0;1375.0;;917;10.0;9.7;918633.0;1372.0;;917;9.0;9.6;918633.0;1372.0;;9.5;11.425
918;11.0;11.8;920553.0;1375.0;;918;10.0;9.6;917993.0;1371.0;;918;11.0;13.8;923113.0;1379.0;;918;10.0;17.4;921193.0;1376.0;;918;9.0;9.5;917353.0;1370.0;;918;10.0;10.0;920553.0;1375.0;;918;9.0;9.7;918633.0;1372.0;;918;9.0;9.6;918633.0;1372.0;;9.875;11.425
919;9.0;11.8;920553.0;1375.0;;919;9.0;9.6;917993.0;1371.0;;919;11.0;13.8;923593.0;1379.0;;919;11.0;15.5;921193.0;1376.0;;919;11.0;9.5;917353.0;1370.0;;919;10.0;10.0;920553.0;1375.0;;919;9.0;9.7;918633.0;1372.0;;919;9.0;9.5;918633.0;1372.0;;9.875;11.175
920;9.0;11.8;920553.0;1375.0;;920;8.0;9.6;917993.0;1371.0;;920;10.0;13.8;923753.0;1380.0;;920;9.0;15.5;921193.0;1376.0;;920;8.0;9.5;917353.0;1370.0;;920;10.0;10.0;920553.0;1375.0;;920;10.0;9.7;919273.0;1373.0;;920;10.0;9.5;918633.0;1372.0;;9.25;11.175
921;10.0;11.8;921193.0;1376.0;;921;8.0;9.5;917993.0;1371.0;;921;9.0;13.8;923753.0;1380.0;;921;11.0;15.5;921193.0;1376.0;;921;10.0;9.5;917353.0;1370.0;;921;11.0;10.0;920553.0;1375.0;;921;10.0;9.7;919273.0;1373.0;;921;9.0;9.5;918633.0;1372.0;;9.75;11.1625
922;11.0;11.8;921193.0;1376.0;;922;10.0;9.6;917993.0;1371.0;;922;9.0;13.8;923753.0;1380.0;;922;11.0;15.5;921193.0;1376.0;;922;9.0;9.5;917353.0;1370.0;;922;9.0;10.0;920553.0;1375.0;;922;10.0;9.7;919273.0;1373.0;;922;9.0;9.5;918633.0;1372.0;;9.75;11.175
923;9.0;11.8;921193.0;1376.0;;923;9.0;9.5;917993.0;1371.0;;923;11.0;13.8;923753.0;1380.0;;923;11.0;15.5;921193.0;1376.0;;923;11.0;9.5;917353.0;1370.0;;923;9.0;10.0;921193.0;1376.0;;923;9.0;9.7;919273.0;1373.0;;923;9.0;9.5;918633.0;1372.0;;9.75;11.1625
924;9.0;11.8;921193.0;1376.0;;924;10.0;9.6;917993.0;1371.0;;924;10.0;13.8;923753.0;1380.0;;924;10.0;15.6;921833.0;1377.0;;924;10.0;9.5;917993.0;1371.0;;924;10.0;10.0;921193.0;1376.0;;924;9.0;9.7;919273.0;1373.0;;924;10.0;9.5;918633.0;1372.0;;9.75;11.1875
925;10.0;11.8;921193.0;1376.0;;925;9.0;9.6;918633.0;1372.0;;925;12.0;13.8;923753.0;1380.0;;925;11.0;15.6;921833.0;1377.0;;925;10.0;9.5;917993.0;1371.0;;925;9.0;9.9;921193.0;1376.0;;925;8.0;9.7;919273.0;1373.0;;925;10.0;9.5;919273.0;1373.0;;9.875;11.175
926;9.0;11.8;921193.0;1376.0;;926;12.0;9.6;918633.0;1372.0;;926;10.0;13.8;923753.0;1380.0;;926;9.0;15.6;921833.0;1377.0;;926;9.0;9.5;917993.0;1371.0;;926;8.0;9.9;921193.0;1376.0;;926;10.0;9.7;919273.0;1373.0;;926;9.0;9.5;919273.0;1373.0;;9.5;11.175
927;9.0;11.8;921193.0;1376.0;;927;10.0;9.6;918633.0;1372.0;;927;10.0;13.8;924233.0;1380.0;;927;10.0;15.6;921833.0;1377.0;;927;10.0;9.5;917993.0;1371.0;;927;9.0;9.9;921193.0;1376.0;;927;9.0;9.7;919273.0;1373.0;;927;9.0;9.5;919273.0;1373.0;;9.5;11.175
928;10.0;11.7;921193.0;1376.0;;928;9.0;9.6;918633.0;1372.0;;928;11.0;13.8;924393.0;1381.0;;928;11.0;15.6;921833.0;1377.0;;928;10.0;9.5;917993.0;1371.0;;928;9.0;9.9;921193.0;1376.0;;928;9.0;9.6;919273.0;1373.0;;928;11.0;9.5;919273.0;1373.0;;10.0;11.15
929;10.0;11.7;921833.0;1377.0;;929;10.0;9.6;918633.0;1372.0;;929;9.0;13.8;924393.0;1381.0;;929;9.0;15.6;921833.0;1377.0;;929;10.0;9.5;917993.0;1371.0;;929;11.0;9.9;921193.0;1376.0;;929;11.0;9.7;919913.0;1374.0;;929;8.0;9.5;919273.0;1373.0;;9.75;11.1625
930;10.0;11.8;921833.0;1377.0;;930;9.0;9.6;918633.0;1372.0;;930;10.0;13.8;924393.0;1381.0;;930;12.0;15.6;921833.0;1377.0;;930;10.0;9.6;917993.0;1371.0;;930;11.0;9.9;921193.0;1376.0;;930;9.0;9.7;919913.0;1374.0;;930;9.0;9.5;919273.0;1373.0;;10.0;11.1875
931;9.0;11.8;921833.0;1377.0;;931;11.0;9.6;918633.0;1372.0;;931;10.0;13.8;924393.0;1381.0;;931;12.0;15.6;922073.0;1377.0;;931;9.0;9.5;917993.0;1371.0;;931;10.0;9.9;921833.0;1377.0;;931;9.0;9.6;919913.0;1374.0;;931;10.0;9.5;919273.0;1373.0;;10.0;11.1625
932;10.0;11.8;921833.0;1377.0;;932;9.0;9.6;918633.0;1372.0;;932;10.0;13.8;924393.0;1381.0;;932;9.0;15.6;922473.0;1378.0;;932;10.0;9.6;918633.0;1372.0;;932;9.0;9.9;921833.0;1377.0;;932;10.0;9.6;919913.0;1374.0;;932;8.0;9.5;919273.0;1373.0;;9.375;11.175
933;10.0;11.8;921833.0;1377.0;;933;11.0;9.6;919273.0;1373.0;;933;11.0;13.8;924393.0;1381.0;;933;11.0;15.6;922473.0;1378.0;;933;10.0;9.6;918633.0;1372.0;;933;10.0;9.9;921833.0;1377.0;;933;10.0;9.7;919913.0;1374.0;;933;10.0;9.5;919273.0;1373.0;;10.375;11.1875
934;11.0;11.8;921833.0;1377.0;;934;11.0;9.6;919273.0;1373.0;;934;11.0;13.8;924393.0;1381.0;;934;9.0;15.6;922473.0;1378.0;;934;10.0;9.6;918633.0;1372.0;;934;200.0;11.8;923113.0;1379.0;;934;10.0;9.7;919913.0;1374.0;;934;9.0;9.5;919913.0;1374.0;;33.875;11.425
935;10.0;11.8;921833.0;1377.0;;935;10.0;9.6;919273.0;1373.0;;935;11.0;13.8;925033.0;1382.0;;935;13.0;15.6;922473.0;1378.0;;935;8.0;9.6;918633.0;1372.0;;935;10.0;11.8;923113.0;1379.0;;935;8.0;9.6;919913.0;1374.0;;935;9.0;9.5;919913.0;1374.0;;9.875;11.4125
936;11.0;11.8;921833.0;1377.0;;936;10.0;9.6;919273.0;1373.0;;936;9.0;13.8;925033.0;1382.0;;936;12.0;15.6;922473.0;1378.0;;936;11.0;9.6;918633.0;1372.0;;936;10.0;11.8;923753.0;1380.0;;936;11.0;9.6;919913.0;1374.0;;936;10.0;9.5;919913.0;1374.0;;10.5;11.4125
937;10.0;11.8;922473.0;1378.0;;937;9.0;9.6;919273.0;1373.0;;937;10.0;13.8;925033.0;1382.0;;937;12.0;15.7;922473.0;1378.0;;937;10.0;9.6;918633.0;1372.0;;937;10.0;11.8;923753.0;1380.0;;937;9.0;9.6;920553.0;1375.0;;937;10.0;9.5;919913.0;1374.0;;10.0;11.425
938;8.0;11.7;922473.0;1378.0;;938;8.0;9.6;919273.0;1373.0;;938;12.0;13.8;925033.0;1382.0;;938;11.0;15.7;922473.0;1378.0;;938;10.0;9.6;918633.0;1372.0;;938;9.0;11.8;923753.0;1380.0;;938;10.0;9.7;920553.0;1375.0;;938;10.0;9.5;919913.0;1374.0;;9.75;11.425
939;10.0;11.7;922473.0;1378.0;;939;9.0;9.6;919273.0;1373.0;;939;12.0;13.9;925033.0;1382.0;;939;10.0;15.7;923113.0;1379.0;;939;9.0;9.6;918633.0;1372.0;;939;10.0;11.8;923753.0;1380.0;;939;10.0;9.7;920553.0;1375.0;;939;10.0;9.5;919913.0;1374.0;;10.0;11.4375
940;13.0;11.8;922473.0;1378.0;;940;10.0;9.6;919273.0;1373.0;;940;11.0;13.9;925033.0;1382.0;;940;9.0;15.7;923113.0;1379.0;;940;10.0;9.5;919273.0;1373.0;;940;11.0;11.8;923753.0;1380.0;;940;10.0;9.7;920553.0;1375.0;;940;9.0;9.5;919913.0;1374.0;;10.375;11.4375
941;10.0;11.8;922473.0;1378.0;;941;10.0;9.6;919433.0;1373.0;;941;10.0;13.9;925033.0;1382.0;;941;9.0;15.7;923113.0;1379.0;;941;9.0;9.5;919273.0;1373.0;;941;12.0;11.8;923753.0;1380.0;;941;9.0;9.7;920553.0;1375.0;;941;10.0;9.5;919913.0;1374.0;;9.875;11.4375
942;12.0;11.8;922473.0;1378.0;;942;11.0;9.6;919913.0;1374.0;;942;9.0;13.9;925033.0;1382.0;;942;9.0;15.7;923113.0;1379.0;;942;9.0;9.5;919273.0;1373.0;;942;10.0;11.8;923753.0;1380.0;;942;9.0;9.7;920553.0;1375.0;;942;9.0;9.5;920553.0;1375.0;;9.75;11.4375
943;10.0;11.8;922473.0;1378.0;;943;10.0;9.6;919913.0;1374.0;;943;9.0;13.9;925673.0;1383.0;;943;11.0;15.7;923113.0;1379.0;;943;9.0;9.5;919273.0;1373.0;;943;10.0;11.8;923753.0;1380.0;;943;10.0;9.7;920553.0;1375.0;;943;11.0;9.5;920553.0;1375.0;;10.0;11.4375
944;10.0;11.8;922473.0;1378.0;;944;10.0;9.6;919913.0;1374.0;;944;10.0;13.9;925673.0;1383.0;;944;10.0;15.7;923113.0;1379.0;;944;10.0;9.6;919273.0;1373.0;;944;10.0;11.8;924393.0;1381.0;;944;9.0;9.6;920553.0;1375.0;;944;8.0;9.5;920553.0;1375.0;;9.625;11.4375
945;10.0;11.8;923113.0;1379.0;;945;10.0;9.6;919913.0;1374.0;;945;12.0;13.9;925673.0;1383.0;;945;11.0;15.7;923113.0;1379.0;;945;9.0;9.6;919273.0;1373.0;;945;10.0;11.8;924393.0;1381.0;;945;10.0;9.6;921193.0;1376.0;;945;9.0;9.5;920553.0;1375.0;;10.125;11.4375
946;11.0;11.8;923113.0;1379.0;;946;9.0;9.6;919913.0;1374.0;;946;11.0;13.9;925673.0;1383.0;;946;10.0;15.7;923113.0;1379.0;;946;11.0;9.6;919273.0;1373.0;;946;10.0;11.8;924393.0;1381.0;;946;10.0;9.6;921193.0;1376.0;;946;9.0;9.5;920553.0;1375.0;;10.125;11.4375
947;11.0;11.8;923113.0;1379.0;;947;10.0;9.7;919913.0;1374.0;;947;11.0;14.0;925673.0;1383.0;;947;9.0;15.7;923753.0;1380.0;;947;9.0;9.6;919273.0;1373.0;;947;10.0;11.8;924393.0;1381.0;;947;9.0;9.6;921193.0;1376.0;;947;8.0;9.5;920553.0;1375.0;;9.625;11.4625
948;10.0;11.8;923113.0;1379.0;;948;10.0;9.7;919913.0;1374.0;;948;200.0;15.9;927593.0;1386.0;;948;10.0;15.7;923753.0;1380.0;;948;8.0;9.5;919273.0;1373.0;;948;10.0;11.9;924393.0;1381.0;;948;9.0;9.6;921193.0;1376.0;;948;13.0;9.5;920553.0;1375.0;;33.75;11.7
949;10.0;11.8;923113.0;1379.0;;949;13.0;9.7;920553.0;1375.0;;949;10.0;15.9;927593.0;1386.0;;949;11.0;15.7;923753.0;1380.0;;949;11.0;9.6;919913.0;1374.0;;949;11.0;11.9;924393.0;1381.0;;949;11.0;9.6;921193.0;1376.0;;949;9.0;9.5;920553.0;1375.0;;10.75;11.7125
950;10.0;11.8;923113.0;1379.0;;950;11.0;9.7;920553.0;1375.0;;950;9.0;15.9;927593.0;1386.0;;950;9.0;15.7;923753.0;1380.0;;950;10.0;9.6;919913.0;1374.0;;950;11.0;11.9;924393.0;1381.0;;950;10.0;9.6;921193.0;1376.0;;950;10.0;9.5;921193.0;1376.0;;10.0;11.7125
951;9.0;11.8;923113.0;1379.0;;951;8.0;9.7;920553.0;1375.0;;951;9.0;15.9;927593.0;1386.0;;951;11.0;13.8;923753.0;1380.0;;951;10.0;9.6;919913.0;1374.0;;951;10.0;11.9;924393.0;1381.0;;951;9.0;9.6;921193.0;1376.0;;951;10.0;9.5;921193.0;1376.0;;9.5;11.475
952;11.0;11.8;923113.0;1379.0;;952;10.0;9.7;920553.0;1375.0;;952;200.0;17.8;928953.0;1388.0;;952;10.0;13.8;923753.0;1380.0;;952;10.0;9.6;919913.0;1374.0;;952;10.0;11.9;925033.0;1382.0;;952;10.0;9.6;921193.0;1376.0;;952;11.0;9.5;921193.0;1376.0;;34.0;11.7125
953;12.0;11.8;923753.0;1380.0;;953;11.0;9.7;920553.0;1375.0;;953;11.0;17.8;929513.0;1389.0;;953;11.0;13.8;923753.0;1380.0;;953;10.0;9.6;919913.0;1374.0;;953;10.0;11.9;925033.0;1382.0;;953;9.0;9.6;921833.0;1377.0;;953;9.0;9.5;921193.0;1376.0;;10.375;11.7125
954;11.0;11.9;923753.0;1380.0;;954;10.0;9.7;920553.0;1375.0;;954;10.0;17.8;929513.0;1389.0;;954;11.0;12.0;923753.0;1380.0;;954;10.0;9.6;919913.0;1374.0;;954;10.0;11.9;925033.0;1382.0;;954;9.0;9.6;921833.0;1377.0;;954;10.0;9.5;921193.0;1376.0;;10.125;11.5
955;10.0;11.9;923753.0;1380.0;;955;10.0;9.7;920553.0;1375.0;;955;12.0;17.8;929513.0;1389.0;;955;11.0;12.0;924393.0;1381.0;;955;9.0;9.6;919913.0;1374.0;;955;12.0;11.9;925033.0;1382.0;;955;10.0;9.6;921833.0;1377.0;;955;9.0;9.5;921193.0;1376.0;;10.375;11.5
956;10.0;11.9;923753.0;1380.0;;956;9.0;9.7;920553.0;1375.0;;956;10.0;17.8;929513.0;1389.0;;956;10.0;12.0;924393.0;1381.0;;956;10.0;9.6;919913.0;1374.0;;956;12.0;11.9;925033.0;1382.0;;956;9.0;9.6;921833.0;1377.0;;956;10.0;9.5;921193.0;1376.0;;10.0;11.5
957;10.0;11.9;923753.0;1380.0;;957;10.0;9.8;921193.0;1376.0;;957;12.0;17.8;929513.0;1389.0;;957;11.0;12.0;924393.0;1381.0;;957;9.0;9.6;920553.0;1375.0;;957;11.0;11.9;925033.0;1382.0;;957;12.0;9.7;921833.0;1377.0;;957;9.0;9.5;921193.0;1376.0;;10.5;11.525
958;10.0;11.9;923753.0;1380.0;;958;8.0;9.7;921193.0;1376.0;;958;12.0;17.8;929513.0;1389.0;;958;10.0;12.0;924393.0;1381.0;;958;9.0;9.6;920553.0;1375.0;;958;9.0;11.9;925033.0;1382.0;;958;10.0;9.7;921833.0;1377.0;;958;10.0;9.5;921833.0;1377.0;;9.75;11.5125
959;11.0;11.9;923753.0;1380.0;;959;10.0;9.7;921193.0;1376.0;;959;200.0;19.8;931433.0;1392.0;;959;9.0;12.0;924393.0;1381.0;;959;8.0;9.5;920553.0;1375.0;;959;9.0;11.9;925673.0;1383.0;;959;11.0;9.7;921833.0;1377.0;;959;13.0;9.6;921833.0;1377.0;;33.875;11.7625
960;10.0;11.9;924393.0;1381.0;;960;10.0;9.7;921193.0;1376.0;;960;12.0;19.8;931433.0;1392.0;;960;10.0;12.0;924393.0;1381.0;;960;8.0;9.5;920553.0;1375.0;;960;11.0;11.9;925673.0;1383.0;;960;11.0;9.7;921833.0;1377.0;;960;9.0;9.6;921833.0;1377.0;;10.125;11.7625
961;11.0;11.9;924393.0;1381.0;;961;9.0;9.7;921193.0;1376.0;;961;200.0;21.7;932713.0;1394.0;;961;11.0;12.0;924393.0;1381.0;;961;9.0;9.5;920553.0;1375.0;;961;10.0;11.9;925673.0;1383.0;;961;8.0;9.7;922473.0;1378.0;;961;8.0;9.5;921833.0;1377.0;;33.25;11.9875
962;11.0;11.9;924393.0;1381.0;;962;10.0;9.7;921193.0;1376.0;;962;13.0;21.7;933273.0;1395.0;;962;10.0;12.0;924393.0;1381.0;;962;9.0;9.5;920553.0;1375.0;;962;10.0;11.9;925673.0;1383.0;;962;8.0;9.6;922473.0;1378.0;;962;11.0;9.6;921833.0;1377.0;;10.25;11.9875
963;10.0;11.9;924393.0;1381.0;;963;10.0;9.7;921193.0;1376.0;;963;200.0;23.6;934553.0;1397.0;;963;9.0;12.0;925033.0;1382.0;;963;8.0;9.5;920553.0;1375.0;;963;11.0;11.9;925673.0;1383.0;;963;10.0;9.6;922473.0;1378.0;;963;10.0;9.6;921833.0;1377.0;;33.5;12.225
964;11.0;12.0;924393.0;1381.0;;964;11.0;9.8;921193.0;1376.0;;964;13.0;23.7;934553.0;1397.0;;964;9.0;12.0;925033.0;1382.0;;964;10.0;9.5;920553.0;1375.0;;964;10.0;12.0;925673.0;1383.0;;964;10.0;9.7;922473.0;1378.0;;964;9.0;9.6;921833.0;1377.0;;10.375;12.2875
965;9.0;12.0;924393.0;1381.0;;965;11.0;9.8;921433.0;1376.0;;965;200.0;23.7;936473.0;1400.0;;965;11.0;12.0;925033.0;1382.0;;965;9.0;9.5;920553.0;1375.0;;965;11.0;12.0;925673.0;1383.0;;965;10.0;9.6;922473.0;1378.0;;965;9.0;9.6;921833.0;1377.0;;33.75;12.275
966;9.0;11.9;924393.0;1381.0;;966;11.0;9.8;921833.0;1377.0;;966;200.0;25.6;937753.0;1402.0;;966;12.0;12.0;925033.0;1382.0;;966;9.0;9.5;921193.0;1376.0;;966;9.0;12.0;925673.0;1383.0;;966;10.0;9.6;922473.0;1378.0;;966;10.0;9.6;921833.0;1377.0;;33.75;12.5
967;10.0;11.9;924393.0;1381.0;;967;11.0;9.8;921833.0;1377.0;;967;200.0;27.5;939673.0;1405.0;;967;10.0;12.0;925033.0;1382.0;;967;9.0;9.4;921193.0;1376.0;;967;10.0;12.0;926313.0;1384.0;;967;10.0;9.6;922473.0;1378.0;;967;10.0;9.6;922473.0;1378.0;;33.75;12.725
968;10.0;11.9;925033.0;1382.0;;968;10.0;9.8;921833.0;1377.0;;968;200.0;29.4;940953.0;1407.0;;968;11.0;12.0;925033.0;1382.0;;968;10.0;9.5;921193.0;1376.0;;968;11.0;12.0;926313.0;1384.0;;968;10.0;9.6;922473.0;1378.0;;968;11.0;9.6;922473.0;1378.0;;34.125;12.975
969;9.0;11.9;925033.0;1382.0;;969;10.0;9.8;921833.0;1377.0;;969;200.0;31.3;942873.0;1410.0;;969;11.0;12.1;925033.0;1382.0;;969;9.0;9.5;921193.0;1376.0;;969;10.0;12.0;926313.0;1384.0;;969;10.0;9.7;922473.0;1378.0;;969;10.0;9.6;922473.0;1378.0;;33.625;13.2375
970;9.0;11.9;925033.0;1382.0;;970;9.0;9.8;921833.0;1377.0;;970;200.0;33.2;944153.0;1412.0;;970;10.0;12.1;925673.0;1383.0;;970;8.0;9.5;921193.0;1376.0;;970;13.0;12.0;926313.0;1384.0;;970;10.0;9.7;923113.0;1379.0;;970;10.0;9.6;922473.0;1378.0;;33.625;13.475
971;11.0;11.9;925033.0;1382.0;;971;9.0;9.8;921833.0;1377.0;;971;200.0;35.1;946073.0;1415.0;;971;10.0;12.1;925673.0;1383.0;;971;8.0;9.5;921193.0;1376.0;;971;9.0;12.0;926313.0;1384.0;;971;12.0;9.7;923113.0;1379.0;;971;8.0;9.6;922473.0;1378.0;;33.375;13.7125
972;12.0;12.0;925033.0;1382.0;;972;9.0;9.8;921833.0;1377.0;;972;200.0;37.0;947353.0;1417.0;;972;11.0;12.1;925673.0;1383.0;;972;9.0;9.5;921193.0;1376.0;;972;11.0;12.0;926313.0;1384.0;;972;10.0;9.7;923113.0;1379.0;;972;11.0;9.6;922473.0;1378.0;;34.125;13.9625
973;13.0;12.0;925033.0;1382.0;;973;10.0;9.8;922153.0;1377.0;;973;200.0;38.9;949273.0;1420.0;;973;9.0;12.1;925673.0;1383.0;;973;10.0;9.5;921193.0;1376.0;;973;11.0;12.0;926313.0;1384.0;;973;11.0;9.7;923113.0;1379.0;;973;10.0;9.6;922473.0;1378.0;;34.25;14.2
974;12.0;12.0;925033.0;1382.0;;974;9.0;9.8;922473.0;1378.0;;974;200.0;40.8;950553.0;1422.0;;974;9.0;12.1;925673.0;1383.0;;974;10.0;9.5;921193.0;1376.0;;974;10.0;12.0;926313.0;1384.0;;974;9.0;9.7;923113.0;1379.0;;974;11.0;9.6;923113.0;1379.0;;33.75;14.4375
975;9.0;12.0;925033.0;1382.0;;975;9.0;9.8;922473.0;1378.0;;975;200.0;42.7;952473.0;1425.0;;975;12.0;12.1;925673.0;1383.0;;975;10.0;9.5;921833.0;1377.0;;975;12.0;12.0;926953.0;1385.0;;975;10.0;9.7;923113.0;1379.0;;975;10.0;9.6;923113.0;1379.0;;34.0;14.675
976;11.0;12.0;925673.0;1383.0;;976;10.0;9.8;922473.0;1378.0;;976;200.0;44.6;953753.0;1427.0;;976;11.0;12.1;925673.0;1383.0;;976;9.0;9.5;921833.0;1377.0;;976;10.0;12.0;926953.0;1385.0;;976;10.0;9.7;923113.0;1379.0;;976;10.0;9.6;923113.0;1379.0;;33.875;14.9125
977;11.0;12.0;925673.0;1383.0;;977;11.0;9.8;922473.0;1378.0;;977;200.0;46.5;955673.0;1430.0;;977;12.0;12.1;925673.0;1383.0;;977;10.0;9.5;921833.0;1377.0;;977;11.0;12.0;926953.0;1385.0;;977;11.0;9.8;923753.0;1380.0;;977;10.0;9.6;923113.0;1379.0;;34.5;15.1625
978;10.0;12.0;925673.0;1383.0;;978;10.0;9.8;922473.0;1378.0;;978;200.0;48.4;956953.0;1432.0;;978;10.0;12.1;926313.0;1384.0;;978;9.0;9.5;921833.0;1377.0;;978;11.0;12.0;926953.0;1385.0;;978;10.0;9.8;923753.0;1380.0;;978;10.0;9.6;923113.0;1379.0;;33.75;15.4
979;10.0;12.0;925673.0;1383.0;;979;9.0;9.8;922473.0;1378.0;;979;200.0;50.3;958873.0;1435.0;;979;10.0;12.1;926313.0;1384.0;;979;10.0;9.5;921833.0;1377.0;;979;11.0;12.1;926953.0;1385.0;;979;9.0;9.8;923753.0;1380.0;;979;10.0;9.6;923113.0;1379.0;;33.625;15.65
980;10.0;12.0;925673.0;1383.0;;980;10.0;9.8;922473.0;1378.0;;980;200.0;52.2;960153.0;1437.0;;980;10.0;12.1;926313.0;1384.0;;980;10.0;9.5;921833.0;1377.0;;980;9.0;12.0;926953.0;1385.0;;980;11.0;9.8;923753.0;1380.0;;980;10.0;9.6;923113.0;1379.0;;33.75;15.875
981;10.0;12.0;925673.0;1383.0;;981;8.0;9.8;922473.0;1378.0;;981;200.0;54.1;962073.0;1440.0;;981;11.0;12.1;926313.0;1384.0;;981;10.0;9.5;921833.0;1377.0;;981;10.0;12.0;926953.0;1385.0;;981;9.0;9.8;923753.0;1380.0;;981;10.0;9.6;923113.0;1379.0;;33.5;16.1125
982;9.0;12.0;925673.0;1383.0;;982;9.0;9.8;923113.0;1379.0;;982;200.0;56.0;963353.0;1442.0;;982;11.0;12.1;926313.0;1384.0;;982;8.0;9.5;921833.0;1377.0;;982;11.0;12.0;927593.0;1386.0;;982;8.0;9.8;923753.0;1380.0;;982;9.0;9.6;923353.0;1379.0;;33.125;16.35
983;10.0;12.0;925673.0;1383.0;;983;11.0;9.8;923113.0;1379.0;;983;200.0;57.9;965273.0;1445.0;;983;11.0;12.2;926313.0;1384.0;;983;10.0;9.5;922473.0;1378.0;;983;10.0;12.1;927593.0;1386.0;;983;10.0;9.8;923753.0;1380.0;;983;10.0;9.6;923753.0;1380.0;;34.0;16.6125
984;10.0;12.0;926313.0;1384.0;;984;10.0;9.8;923113.0;1379.0;;984;200.0;59.8;966553.0;1447.0;;984;11.0;12.2;926313.0;1384.0;;984;10.0;9.5;922473.0;1378.0;;984;11.0;12.1;927593.0;1386.0;;984;11.0;9.8;923753.0;1380.0;;984;9.0;9.6;923753.0;1380.0;;34.0;16.85
985;12.0;12.0;926313.0;1384.0;;985;10.0;9.8;923113.0;1379.0;;985;200.0;61.7;968473.0;1450.0;;985;12.0;12.2;926953.0;1385.0;;985;10.0;9.5;922473.0;1378.0;;985;10.0;12.1;927593.0;1386.0;;985;9.0;9.8;923753.0;1380.0;;985;10.0;9.6;923753.0;1380.0;;34.125;17.0875
986;11.0;12.1;926313.0;1384.0;;986;10.0;9.8;923113.0;1379.0;;986;200.0;63.6;969753.0;1452.0;;986;10.0;12.2;926953.0;1385.0;;986;11.0;9.5;922473.0;1378.0;;986;12.0;12.1;927593.0;1386.0;;986;11.0;9.8;924393.0;1381.0;;986;8.0;9.6;923753.0;1380.0;;34.125;17.3375
987;10.0;12.1;926313.0;1384.0;;987;11.0;9.8;923113.0;1379.0;;987;200.0;65.5;971673.0;1455.0;;987;10.0;12.2;926953.0;1385.0;;987;10.0;9.5;922473.0;1378.0;;987;11.0;12.1;927593.0;1386.0;;987;10.0;9.8;924393.0;1381.0;;987;9.0;9.6;923753.0;1380.0;;33.875;17.575
988;11.0;12.1;926313.0;1384.0;;988;10.0;9.8;923113.0;1379.0;;988;200.0;67.4;972953.0;1457.0;;988;10.0;12.2;926953.0;1385.0;;988;9.0;9.5;922473.0;1378.0;;988;9.0;12.1;927593.0;1386.0;;988;11.0;9.8;924393.0;1381.0;;988;11.0;9.6;923753.0;1380.0;;33.875;17.8125
989;10.0;12.1;926313.0;1384.0;;989;10.0;9.8;923353.0;1379.0;;989;200.0;69.3;974873.0;1460.0;;989;10.0;12.2;926953.0;1385.0;;989;10.0;9.5;922473.0;1378.0;;989;10.0;12.1;927593.0;1386.0;;989;9.0;9.8;924393.0;1381.0;;989;9.0;9.7;923753.0;1380.0;;33.5;18.0625
990;11.0;12.1;926313.0;1384.0;;990;10.0;9.8;923753.0;1380.0;;990;200.0;71.1;976153.0;1462.0;;990;12.0;12.2;926953.0;1385.0;;990;10.0;9.5;922473.0;1378.0;;990;9.0;12.1;928233.0;1387.0;;990;9.0;9.8;924393.0;1381.0;;990;10.0;9.7;923753.0;1380.0;;33.875;18.287499999999998
991;11.0;10.2;926953.0;1385.0;;991;10.0;9.8;923753.0;1380.0;;991;200.0;73.0;978073.0;1465.0;;991;11.0;12.2;926953.0;1385.0;;991;10.0;9.5;923113.0;1379.0;;991;10.0;12.1;928233.0;1387.0;;991;10.0;9.8;924393.0;1381.0;;991;10.0;9.7;924393.0;1381.0;;34.0;18.2875
992;12.0;10.2;926953.0;1385.0;;992;10.0;9.8;923753.0;1380.0;;992;200.0;74.9;979353.0;1467.0;;992;12.0;12.2;926953.0;1385.0;;992;9.0;9.5;923113.0;1379.0;;992;11.0;12.1;928233.0;1387.0;;992;10.0;9.8;924393.0;1381.0;;992;10.0;9.7;924393.0;1381.0;;34.25;18.525000000000002
993;11.0;10.2;926953.0;1385.0;;993;10.0;9.8;923753.0;1380.0;;993;200.0;76.8;981273.0;1470.0;;993;10.0;12.2;927593.0;1386.0;;993;10.0;9.5;923113.0;1379.0;;993;11.0;12.1;928233.0;1387.0;;993;10.0;9.8;924393.0;1381.0;;993;8.0;9.7;924393.0;1381.0;;33.75;18.7625
994;11.0;10.2;926953.0;1385.0;;994;9.0;9.8;923753.0;1380.0;;994;200.0;78.7;982553.0;1472.0;;994;10.0;12.2;927593.0;1386.0;;994;10.0;9.5;923113.0;1379.0;;994;10.0;12.1;928233.0;1387.0;;994;10.0;9.8;925033.0;1382.0;;994;8.0;9.6;924393.0;1381.0;;33.5;18.9875
995;10.0;10.2;926953.0;1385.0;;995;10.0;9.8;923753.0;1380.0;;995;200.0;80.6;984473.0;1475.0;;995;11.0;12.2;927593.0;1386.0;;995;9.0;9.5;923113.0;1379.0;;995;11.0;12.2;928233.0;1387.0;;995;8.0;9.8;925033.0;1382.0;;995;9.0;9.6;924393.0;1381.0;;33.5;19.2375
996;14.0;10.3;926953.0;1385.0;;996;9.0;9.8;923753.0;1380.0;;996;200.0;82.5;985753.0;1477.0;;996;10.0;12.2;927593.0;1386.0;;996;11.0;9.5;923113.0;1379.0;;996;12.0;12.2;928233.0;1387.0;;996;11.0;9.8;925033.0;1382.0;;996;9.0;9.6;924393.0;1381.0;;34.5;19.4875
997;11.0;10.3;926953.0;1385.0;;997;9.0;9.8;923753.0;1380.0;;997;200.0;84.4;987673.0;1480.0;;997;9.0;12.2;927593.0;1386.0;;997;9.0;9.5;923113.0;1379.0;;997;10.0;12.2;928873.0;1388.0;;997;11.0;9.8;925033.0;1382.0;;997;9.0;9.6;924393.0;1381.0;;33.5;19.725
998;11.0;10.3;927593.0;1386.0;;998;10.0;9.8;924393.0;1381.0;;998;200.0;86.3;988953.0;1482.0;;998;11.0;12.2;927593.0;1386.0;;998;10.0;9.5;923113.0;1379.0;;998;11.0;12.2;928873.0;1388.0;;998;9.0;9.8;925033.0;1382.0;;998;9.0;9.6;924393.0;1381.0;;33.875;19.9625
999;11.0;10.3;927593.0;1386.0;;999;10.0;9.8;924393.0;1381.0;;999;200.0;88.2;990873.0;1485.0;;999;10.0;12.2;927593.0;1386.0;;999;10.0;9.5;923753.0;1380.0;;999;10.0;12.2;928873.0;1388.0;;999;10.0;9.8;925033.0;1382.0;;999;11.0;9.6;924393.0;1381.0;;34.0;20.2
1000;11.0;10.3;927593.0;1386.0;;1000;9.0;9.8;924393.0;1381.0;;1000;200.0;90.1;992153.0;1487.0;;1000;10.0;10.3;927593.0;1386.0;;1000;10.0;9.5;923753.0;1380.0;;1000;10.0;12.2;928873.0;1388.0;;1000;10.0;9.8;925033.0;1382.0;;1000;9.0;9.6;925033.0;1382.0;;33.625;20.2
1001;10.0;10.3;927593.0;1386.0;;1001;9.0;9.8;924393.0;1381.0;;1001;200.0;92.0;994073.0;1490.0;;1001;11.0;10.4;928233.0;1387.0;;1001;9.0;9.5;923753.0;1380.0;;1001;13.0;12.2;928873.0;1388.0;;1001;11.0;9.8;925033.0;1382.0;;1001;11.0;9.6;925033.0;1382.0;;34.25;20.45
1002;10.0;10.3;927593.0;1386.0;;1002;11.0;9.8;924393.0;1381.0;;1002;200.0;93.9;995353.0;1492.0;;1002;9.0;10.4;928233.0;1387.0;;1002;9.0;9.5;923753.0;1380.0;;1002;13.0;12.2;928873.0;1388.0;;1002;10.0;9.8;925673.0;1383.0;;1002;11.0;9.6;925033.0;1382.0;;34.125;20.6875
1003;13.0;10.4;927593.0;1386.0;;1003;9.0;9.8;924393.0;1381.0;;1003;200.0;95.8;997273.0;1495.0;;1003;11.0;10.4;928233.0;1387.0;;1003;10.0;9.5;923753.0;1380.0;;1003;200.0;14.1;930793.0;1391.0;;1003;9.0;9.8;925673.0;1383.0;;1003;11.0;9.6;925033.0;1382.0;;57.875;21.175
1004;12.0;10.4;927593.0;1386.0;;1004;11.0;9.8;924393.0;1381.0;;1004;200.0;97.7;998553.0;1497.0;;1004;10.0;10.4;928233.0;1387.0;;1004;11.0;9.5;923753.0;1380.0;;1004;10.0;14.1;930793.0;1391.0;;1004;10.0;9.8;925673.0;1383.0;;1004;10.0;9.7;925033.0;1382.0;;34.25;21.425
1005;10.0;10.4;928233.0;1387.0;;1005;11.0;9.8;924393.0;1381.0;;1005;200.0;99.6;1.00047e+06;1500.0;;1005;10.0;10.4;928233.0;1387.0;;1005;9.0;9.5;923753.0;1380.0;;1005;11.0;14.1;930793.0;1391.0;;1005;10.0;9.8;925673.0;1383.0;;1005;10.0;9.7;925033.0;1382.0;;33.875;21.662499999999998
1006;9.0;10.4;928233.0;1387.0;;1006;11.0;9.8;925033.0;1382.0;;1006;200.0;99.6;1.00175e+06;1502.0;;1006;10.0;10.4;928233.0;1387.0;;1006;9.0;9.5;923753.0;1380.0;;1006;200.0;16.0;932073.0;1393.0;;1006;10.0;9.8;925673.0;1383.0;;1006;11.0;9.6;925033.0;1382.0;;57.5;21.8875
1007;11.0;10.4;928233.0;1387.0;;1007;10.0;9.8;925033.0;1382.0;;1007;200.0;101.5;1.00359e+06;1505.0;;1007;11.0;10.4;928233.0;1387.0;;1007;9.0;9.5;923753.0;1380.0;;1007;12.0;16.1;932713.0;1394.0;;1007;10.0;9.8;925673.0;1383.0;;1007;11.0;9.7;925673.0;1383.0;;34.25;22.15
1008;11.0;10.4;928233.0;1387.0;;1008;11.0;9.8;925033.0;1382.0;;1008;200.0;103.4;1.00487e+06;1507.0;;1008;13.0;10.4;928873.0;1388.0;;1008;10.0;9.5;924393.0;1381.0;;1008;11.0;16.1;932713.0;1394.0;;1008;10.0;9.8;925673.0;1383.0;;1008;10.0;9.7;925673.0;1383.0;;34.5;22.387500000000003
1009;11.0;10.4;928233.0;1387.0;;1009;9.0;9.8;925033.0;1382.0;;1009;200.0;105.3;1.00679e+06;1510.0;;1009;10.0;10.4;928873.0;1388.0;;1009;10.0;9.5;924393.0;1381.0;;1009;14.0;16.1;932713.0;1394.0;;1009;10.0;9.8;925673.0;1383.0;;1009;11.0;9.7;925673.0;1383.0;;34.375;22.625
1010;12.0;10.4;928233.0;1387.0;;1010;10.0;9.8;925033.0;1382.0;;1010;200.0;107.2;1.00807e+06;1512.0;;1010;12.0;10.4;928873.0;1388.0;;1010;10.0;9.5;924393.0;1381.0;;1010;200.0;18.0;933913.0;1396.0;;1010;10.0;9.8;926313.0;1384.0;;1010;11.0;9.7;925673.0;1383.0;;58.125;23.1
1011;13.0;10.4;928233.0;1387.0;;1011;8.0;9.8;925033.0;1382.0;;1011;200.0;109.0;1.00999e+06;1515.0;;1011;12.0;10.4;928873.0;1388.0;;1011;11.0;9.6;924393.0;1381.0;;1011;200.0;19.9;935833.0;1399.0;;1011;12.0;9.8;926313.0;1384.0;;1011;8.0;9.7;925673.0;1383.0;;58.0;23.575
1012;12.0;10.5;928873.0;1388.0;;1012;11.0;9.8;925033.0;1382.0;;1012;200.0;110.9;1.01127e+06;1517.0;;1012;14.0;10.5;928873.0;1388.0;;1012;10.0;9.6;924393.0;1381.0;;1012;200.0;21.8;937113.0;1401.0;;1012;10.0;9.8;926313.0;1384.0;;1012;10.0;9.6;925673.0;1383.0;;58.375;24.0625
1013;10.0;10.5;928873.0;1388.0;;1013;11.0;9.8;925033.0;1382.0;;1013;200.0;112.8;1.01319e+06;1520.0;;1013;200.0;12.4;930793.0;1391.0;;1013;9.0;9.6;924393.0;1381.0;;1013;200.0;23.7;939033.0;1404.0;;1013;10.0;9.8;926313.0;1384.0;;1013;9.0;9.6;925673.0;1383.0;;81.125;24.775
1014;10.0;10.5;928873.0;1388.0;;1014;11.0;9.8;925673.0;1383.0;;1014;200.0;114.7;1.01447e+06;1522.0;;1014;13.0;12.4;930793.0;1391.0;;1014;11.0;9.6;924393.0;1381.0;;1014;200.0;25.6;940313.0;1406.0;;1014;11.0;9.8;926313.0;1384.0;;1014;10.0;9.7;925673.0;1383.0;;58.25;25.2625
1015;12.0;10.5;928873.0;1388.0;;1015;9.0;9.8;925673.0;1383.0;;1015;200.0;116.6;1.01639e+06;1525.0;;1015;200.0;14.3;932073.0;1393.0;;1015;10.0;9.6;924393.0;1381.0;;1015;200.0;27.5;942233.0;1409.0;;1015;9.0;9.8;926313.0;1384.0;;1015;10.0;9.7;926313.0;1384.0;;81.25;25.974999999999998
1016;200.0;12.4;930153.0;1390.0;;1016;9.0;9.8;925673.0;1383.0;;1016;200.0;118.5;1.01767e+06;1527.0;;1016;200.0;16.2;933913.0;1396.0;;1016;11.0;9.6;925033.0;1382.0;;1016;200.0;29.4;943513.0;1411.0;;1016;11.0;9.8;926313.0;1384.0;;1016;11.0;9.7;926313.0;1384.0;;105.25;26.925
1017;13.0;12.4;930793.0;1391.0;;1017;10.0;9.8;925673.0;1383.0;;1017;200.0;120.4;1.01959e+06;1530.0;;1017;200.0;18.1;935193.0;1398.0;;1017;10.0;9.6;925033.0;1382.0;;1017;200.0;31.3;945433.0;1414.0;;1017;10.0;9.8;926953.0;1385.0;;1017;10.0;9.7;926313.0;1384.0;;81.625;27.637500000000003
1018;200.0;14.3;932073.0;1393.0;;1018;9.0;9.8;925673.0;1383.0;;1018;200.0;122.3;1.02087e+06;1532.0;;1018;200.0;20.0;937113.0;1401.0;;1018;11.0;9.6;925033.0;1382.0;;1018;200.0;33.2;946713.0;1416.0;;1018;12.0;9.9;926953.0;1385.0;;1018;9.0;9.7;926313.0;1384.0;;105.125;28.6
1019;12.0;14.3;932073.0;1393.0;;1019;11.0;9.9;925673.0;1383.0;;1019;200.0;124.2;1.02279e+06;1535.0;;1019;200.0;21.9;938393.0;1403.0;;1019;11.0;9.6;925033.0;1382.0;;1019;200.0;35.1;948633.0;1419.0;;1019;10.0;9.9;926953.0;1385.0;;1019;10.0;9.7;926313.0;1384.0;;81.75;29.325
1020;200.0;16.2;933913.0;1396.0;;1020;9.0;9.9;925673.0;1383.0;;1020;200.0;126.1;1.02407e+06;1537.0;;1020;200.0;23.8;940313.0;1406.0;;1020;10.0;9.6;925033.0;1382.0;;1020;200.0;37.0;949913.0;1421.0;;1020;9.0;9.9;926953.0;1385.0;;1020;10.0;9.7;926313.0;1384.0;;104.75;30.275
1021;200.0;18.1;935193.0;1398.0;;1021;9.0;9.9;925673.0;1383.0;;1021;200.0;128.0;1.02599e+06;1540.0;;1021;200.0;25.7;941593.0;1408.0;;1021;10.0;9.6;925033.0;1382.0;;1021;200.0;38.8;951833.0;1424.0;;1021;14.0;9.9;926953.0;1385.0;;1021;9.0;9.7;926313.0;1384.0;;105.25;31.2125
1022;200.0;20.0;937113.0;1401.0;;1022;10.0;9.9;926313.0;1384.0;;1022;200.0;130.0;1.02727e+06;1542.0;;1022;200.0;27.6;943513.0;1411.0;;1022;10.0;9.7;925033.0;1382.0;;1022;200.0;40.8;953113.0;1426.0;;1022;10.0;9.9;926953.0;1385.0;;1022;10.0;9.7;926313.0;1384.0;;105.0;32.2
1023;200.0;21.9;938393.0;1403.0;;1023;10.0;9.9;926313.0;1384.0;;1023;200.0;131.8;1.02919e+06;1545.0;;1023;200.0;29.5;944793.0;1413.0;;1023;11.0;9.7;925673.0;1383.0;;1023;200.0;42.7;955033.0;1429.0;;1023;11.0;9.9;926953.0;1385.0;;1023;10.0;9.8;926953.0;1385.0;;105.25;33.15
1024;200.0;23.8;940313.0;1406.0;;1024;11.0;9.9;926313.0;1384.0;;1024;200.0;133.7;1.03047e+06;1547.0;;1024;200.0;31.4;946713.0;1416.0;;1024;10.0;9.7;925673.0;1383.0;;1024;200.0;44.6;956313.0;1431.0;;1024;10.0;9.9;927033.0;1385.0;;1024;10.0;9.8;926953.0;1385.0;;105.125;34.1
1025;200.0;25.7;941593.0;1408.0;;1025;9.0;9.9;926313.0;1384.0;;1025;200.0;135.6;1.03239e+06;1550.0;;1025;200.0;33.3;947993.0;1418.0;;1025;10.0;9.7;925673.0;1383.0;;1025;200.0;46.5;958233.0;1434.0;;1025;10.0;10.0;927593.0;1386.0;;1025;9.0;9.7;926953.0;1385.0;;104.75;35.05
1026;200.0;27.6;943513.0;1411.0;;1026;10.0;9.9;926313.0;1384.0;;1026;200.0;137.5;1.03367e+06;1552.0;;1026;200.0;35.2;949913.0;1421.0;;1026;10.0;9.7;925673.0;1383.0;;1026;200.0;48.4;959513.0;1436.0;;1026;10.0;10.0;927593.0;1386.0;;1026;10.0;9.8;926953.0;1385.0;;105.0;36.0125
1027;200.0;29.6;944793.0;1413.0;;1027;9.0;9.9;926313.0;1384.0;;1027;200.0;139.4;1.03559e+06;1555.0;;1027;200.0;37.1;951193.0;1423.0;;1027;11.0;9.7;925673.0;1383.0;;1027;200.0;50.3;961433.0;1439.0;;1027;10.0;10.0;927593.0;1386.0;;1027;10.0;9.8;926953.0;1385.0;;105.0;36.975
1028;200.0;31.5;946713.0;1416.0;;1028;9.0;9.9;926313.0;1384.0;;1028;200.0;141.3;1.03687e+06;1557.0;;1028;200.0;39.0;953113.0;1426.0;;1028;11.0;9.7;925673.0;1383.0;;1028;200.0;52.2;962713.0;1441.0;;1028;10.0;10.0;927593.0;1386.0;;1028;10.0;9.8;926953.0;1385.0;;105.0;37.925000000000004
1029;200.0;33.4;947993.0;1418.0;;1029;9.0;9.9;926313.0;1384.0;;1029;200.0;143.2;1.03879e+06;1560.0;;1029;200.0;40.9;954393.0;1428.0;;1029;9.0;9.7;925673.0;1383.0;;1029;200.0;54.1;964633.0;1444.0;;1029;11.0;10.0;927593.0;1386.0;;1029;9.0;9.8;926953.0;1385.0;;104.75;38.875
1030;200.0;35.3;949913.0;1421.0;;1030;10.0;9.9;926713.0;1384.0;;1030;200.0;145.1;1.04007e+06;1562.0;;1030;200.0;42.8;956313.0;1431.0;;1030;11.0;9.7;925673.0;1383.0;;1030;200.0;56.0;965913.0;1446.0;;1030;10.0;10.0;927593.0;1386.0;;1030;11.0;9.8;926953.0;1385.0;;105.25;39.824999999999996
1031;200.0;37.2;951193.0;1423.0;;1031;11.0;9.9;926953.0;1385.0;;1031;200.0;147.0;1.04199e+06;1565.0;;1031;200.0;44.6;957593.0;1433.0;;1031;10.0;9.7;926313.0;1384.0;;1031;200.0;57.9;967833.0;1449.0;;1031;9.0;10.0;927593.0;1386.0;;1031;9.0;9.8;926953.0;1385.0;;104.875;40.7625
1032;200.0;39.1;953113.0;1426.0;;1032;11.0;9.9;926953.0;1385.0;;1032;200.0;148.9;1.04327e+06;1567.0;;1032;200.0;46.6;959513.0;1436.0;;1032;9.0;9.7;926313.0;1384.0;;1032;200.0;59.8;969113.0;1451.0;;1032;9.0;10.0;927593.0;1386.0;;1032;11.0;9.8;927593.0;1386.0;;105.0;41.725
1033;200.0;41.0;954393.0;1428.0;;1033;12.0;9.9;926953.0;1385.0;;1033;200.0;150.8;1.04519e+06;1570.0;;1033;200.0;48.4;960793.0;1438.0;;1033;10.0;9.7;926313.0;1384.0;;1033;200.0;61.7;971033.0;1454.0;;1033;11.0;10.0;928233.0;1387.0;;1033;11.0;9.8;927593.0;1386.0;;105.5;42.6625
1034;200.0;42.9;956313.0;1431.0;;1034;12.0;9.9;926953.0;1385.0;;1034;200.0;152.7;1.04647e+06;1572.0;;1034;200.0;50.4;962713.0;1441.0;;1034;10.0;9.7;926313.0;1384.0;;1034;200.0;61.7;972313.0;1456.0;;1034;11.0;10.0;928233.0;1387.0;;1034;10.0;9.8;927593.0;1386.0;;105.375;43.387499999999996
1035;200.0;44.8;957593.0;1433.0;;1035;10.0;9.9;926953.0;1385.0;;1035;200.0;154.6;1.04839e+06;1575.0;;1035;200.0;52.2;963993.0;1443.0;;1035;9.0;9.7;926313.0;1384.0;;1035;200.0;63.6;974233.0;1459.0;;1035;10.0;10.0;928233.0;1387.0;;1035;10.0;9.8;927593.0;1386.0;;104.875;44.325
1036;200.0;46.6;959513.0;1436.0;;1036;9.0;9.9;926953.0;1385.0;;1036;200.0;156.5;1.04967e+06;1577.0;;1036;200.0;54.1;965913.0;1446.0;;1036;11.0;9.7;926313.0;1384.0;;1036;200.0;65.5;975513.0;1461.0;;1036;10.0;10.0;928233.0;1387.0;;1036;11.0;9.8;927593.0;1386.0;;105.125;45.2625
1037;200.0;48.6;960793.0;1438.0;;1037;11.0;9.9;927193.0;1385.0;;1037;200.0;158.4;1.05159e+06;1580.0;;1037;200.0;56.0;967193.0;1448.0;;1037;10.0;9.7;926313.0;1384.0;;1037;200.0;67.4;977433.0;1464.0;;1037;12.0;10.0;928233.0;1387.0;;1037;10.0;9.8;927593.0;1386.0;;105.375;46.225
1038;200.0;50.5;962713.0;1441.0;;1038;11.0;10.0;927593.0;1386.0;;1038;200.0;160.3;1.05287e+06;1582.0;;1038;200.0;57.9;969113.0;1451.0;;1038;11.0;9.7;926313.0;1384.0;;1038;200.0;69.3;978713.0;1466.0;;1038;10.0;10.0;928233.0;1387.0;;1038;11.0;9.8;927593.0;1386.0;;105.375;47.1875
1039;200.0;52.4;963993.0;1443.0;;1039;10.0;10.0;927593.0;1386.0;;1039;200.0;162.2;1.05479e+06;1585.0;;1039;200.0;59.8;970393.0;1453.0;;1039;11.0;9.7;926953.0;1385.0;;1039;200.0;71.2;980633.0;1469.0;;1039;10.0;10.0;928233.0;1387.0;;1039;10.0;9.8;928233.0;1387.0;;105.125;48.137499999999996
1040;200.0;54.2;965913.0;1446.0;;1040;11.0;10.0;927593.0;1386.0;;1040;200.0;164.0;1.05607e+06;1587.0;;1040;200.0;61.7;972313.0;1456.0;;1040;11.0;9.7;926953.0;1385.0;;1040;200.0;73.1;981913.0;1471.0;;1040;11.0;10.0;928873.0;1388.0;;1040;11.0;9.9;928233.0;1387.0;;105.5;49.075
1041;200.0;56.1;967193.0;1448.0;;1041;11.0;10.0;927593.0;1386.0;;1041;200.0;166.0;1.05799e+06;1590.0;;1041;200.0;63.6;973593.0;1458.0;;1041;10.0;9.8;926953.0;1385.0;;1041;200.0;75.0;983833.0;1474.0;;1041;9.0;10.0;928873.0;1388.0;;1041;10.0;9.9;928233.0;1387.0;;105.0;50.05
1042;200.0;58.0;969113.0;1451.0;;1042;12.0;10.0;927593.0;1386.0;;1042;200.0;167.9;1.05927e+06;1592.0;;1042;200.0;65.5;975513.0;1461.0;;1042;10.0;9.8;926953.0;1385.0;;1042;200.0;76.9;985113.0;1476.0;;1042;10.0;10.0;928873.0;1388.0;;1042;11.0;9.9;928233.0;1387.0;;105.375;51.0
1043;200.0;59.9;970393.0;1453.0;;1043;9.0;10.0;927593.0;1386.0;;1043;200.0;169.8;1.06119e+06;1595.0;;1043;200.0;67.4;976793.0;1463.0;;1043;9.0;9.8;926953.0;1385.0;;1043;200.0;78.8;987033.0;1479.0;;1043;10.0;10.0;928873.0;1388.0;;1043;10.0;9.9;928233.0;1387.0;;104.75;51.95
1044;200.0;61.8;972313.0;1456.0;;1044;10.0;10.0;927593.0;1386.0;;1044;200.0;171.7;1.06247e+06;1597.0;;1044;200.0;69.3;978713.0;1466.0;;1044;10.0;9.8;926953.0;1385.0;;1044;200.0;80.7;988313.0;1481.0;;1044;10.0;10.1;928873.0;1388.0;;1044;10.0;9.9;928233.0;1387.0;;105.0;52.9125
1045;200.0;63.7;973593.0;1458.0;;1045;9.0;10.0;927593.0;1386.0;;1045;200.0;173.6;1.06439e+06;1600.0;;1045;200.0;71.2;979993.0;1468.0;;1045;10.0;9.8;926953.0;1385.0;;1045;200.0;82.6;990233.0;1484.0;;1045;10.0;10.1;928873.0;1388.0;;1045;9.0;9.9;928233.0;1387.0;;104.75;53.8625
1046;200.0;65.6;975513.0;1461.0;;1046;9.0;10.0;928233.0;1387.0;;1046;200.0;175.4;1.06567e+06;1602.0;;1046;200.0;73.1;981913.0;1471.0;;1046;10.0;9.8;927113.0;1385.0;;1046;200.0;84.5;991513.0;1486.0;;1046;10.0;10.1;928873.0;1388.0;;1046;11.0;9.9;928233.0;1387.0;;105.0;54.8
1047;200.0;67.5;976793.0;1463.0;;1047;10.0;10.0;928233.0;1387.0;;1047;200.0;177.3;1.06759e+06;1605.0;;1047;200.0;75.0;983193.0;1473.0;;1047;11.0;9.8;927593.0;1386.0;;1047;200.0;86.4;993433.0;1489.0;;1047;10.0;10.1;928873.0;1388.0;;1047;10.0;9.9;928873.0;1388.0;;105.125;55.75
1048;200.0;69.4;978713.0;1466.0;;1048;11.0;10.0;928233.0;1387.0;;1048;200.0;177.3;1.06887e+06;1607.0;;1048;200.0;76.9;985113.0;1476.0;;1048;9.0;9.8;927593.0;1386.0;;1048;200.0;88.3;994713.0;1491.0;;1048;11.0;10.1;929513.0;1389.0;;1048;12.0;9.9;928873.0;1388.0;;105.375;56.462500000000006
1049;200.0;71.3;979993.0;1468.0;;1049;10.0;10.0;928233.0;1387.0;;1049;200.0;179.2;1.07079e+06;1610.0;;1049;200.0;78.8;986393.0;1478.0;;1049;10.0;9.8;927593.0;1386.0;;1049;200.0;90.2;996633.0;1494.0;;1049;12.0;10.1;929513.0;1389.0;;1049;10.0;9.9;928873.0;1388.0;;105.25;57.4125
1050;200.0;73.2;981913.0;1471.0;;1050;10.0;9.9;928233.0;1387.0;;1050;200.0;181.1;1.07207e+06;1612.0;;1050;200.0;80.7;988313.0;1481.0;;1050;9.0;9.8;927593.0;1386.0;;1050;200.0;92.1;997913.0;1496.0;;1050;10.0;10.1;929513.0;1389.0;;1050;10.0;9.9;928873.0;1388.0;;104.875;58.35
1051;200.0;75.1;983193.0;1473.0;;1051;9.0;10.0;928233.0;1387.0;;1051;200.0;183.0;1.07399e+06;1615.0;;1051;200.0;82.6;989593.0;1483.0;;1051;9.0;9.8;927593.0;1386.0;;1051;200.0;94.0;999833.0;1499.0;;1051;10.0;10.1;929513.0;1389.0;;1051;10.0;9.9;928873.0;1388.0;;104.75;59.3125
1052;200.0;77.0;985113.0;1476.0;;1052;10.0;10.0;928233.0;1387.0;;1052;200.0;183.0;1.07527e+06;1617.0;;1052;200.0;84.5;991513.0;1486.0;;1052;11.0;9.8;927593.0;1386.0;;1052;200.0;95.9;1.00111e+06;1501.0;;1052;10.0;10.1;929513.0;1389.0;;1052;13.0;10.0;928873.0;1388.0;;105.5;60.0375
1053;200.0;78.9;986393.0;1478.0;;1053;10.0;9.9;928233.0;1387.0;;1053;200.0;184.9;1.07719e+06;1620.0;;1053;200.0;86.4;992793.0;1488.0;;1053;10.0;9.8;927593.0;1386.0;;1053;200.0;97.8;1.00303e+06;1504.0;;1053;10.0;10.1;929513.0;1389.0;;1053;11.0;10.0;928873.0;1388.0;;105.125;60.975
1054;200.0;80.8;988313.0;1481.0;;1054;11.0;10.0;928873.0;1388.0;;1054;200.0;186.8;1.07847e+06;1622.0;;1054;200.0;88.3;994713.0;1491.0;;1054;9.0;9.8;927593.0;1386.0;;1054;200.0;99.7;1.00423e+06;1506.0;;1054;11.0;10.1;929513.0;1389.0;;1054;10.0;10.0;929513.0;1389.0;;105.125;61.9375
1055;200.0;82.7;989593.0;1483.0;;1055;10.0;10.0;928873.0;1388.0;;1055;200.0;188.7;1.08039e+06;1625.0;;1055;200.0;90.2;995993.0;1493.0;;1055;11.0;9.8;928233.0;1387.0;;1055;200.0;101.6;1.00615e+06;1509.0;;1055;10.0;10.1;929513.0;1389.0;;1055;10.0;10.0;929513.0;1389.0;;105.125;62.887499999999996
1056;200.0;84.6;991513.0;1486.0;;1056;10.0;10.0;928873.0;1388.0;;1056;200.0;190.6;1.08167e+06;1627.0;;1056;200.0;92.1;997913.0;1496.0;;1056;10.0;9.8;928233.0;1387.0;;1056;200.0;103.4;1.00743e+06;1511.0;;1056;11.0;10.2;930153.0;1390.0;;1056;11.0;10.0;929513.0;1389.0;;105.25;63.8375
1057;200.0;86.5;992793.0;1488.0;;1057;10.0;10.0;928873.0;1388.0;;1057;200.0;192.5;1.08359e+06;1630.0;;1057;200.0;94.0;999193.0;1498.0;;1057;11.0;9.8;928233.0;1387.0;;1057;200.0;105.3;1.00935e+06;1514.0;;1057;12.0;10.2;930153.0;1390.0;;1057;10.0;10.0;929513.0;1389.0;;105.375;64.7875
1058;200.0;88.4;994713.0;1491.0;;1058;11.0;10.0;928873.0;1388.0;;1058;200.0;194.4;1.08487e+06;1632.0;;1058;200.0;95.8;1.00111e+06;1501.0;;1058;10.0;9.8;928233.0;1387.0;;1058;200.0;107.2;1.01063e+06;1516.0;;1058;10.0;10.2;930153.0;1390.0;;1058;11.0;10.0;929513.0;1389.0;;105.25;65.725
1059;200.0;90.3;995993.0;1493.0;;1059;11.0;10.0;928873.0;1388.0;;1059;200.0;194.4;1.08679e+06;1635.0;;1059;200.0;97.8;1.00239e+06;1503.0;;1059;11.0;9.8;928233.0;1387.0;;1059;200.0;109.1;1.01255e+06;1519.0;;1059;11.0;10.2;930153.0;1390.0;;1059;11.0;10.0;929513.0;1389.0;;105.5;66.45
1060;200.0;92.2;997913.0;1496.0;;1060;11.0;10.0;928873.0;1388.0;;1060;200.0;196.3;1.08807e+06;1637.0;;1060;200.0;99.7;1.00423e+06;1506.0;;1060;13.0;9.9;928233.0;1387.0;;1060;200.0;111.0;1.01383e+06;1521.0;;1060;13.0;10.2;930153.0;1390.0;;1060;10.0;10.0;929513.0;1389.0;;105.875;67.41250000000001
1061;200.0;94.0;999193.0;1498.0;;1061;11.0;10.0;929513.0;1389.0;;1061;200.0;196.3;1.08999e+06;1640.0;;1061;200.0;101.6;1.00551e+06;1508.0;;1061;10.0;9.9;928233.0;1387.0;;1061;200.0;112.9;1.01575e+06;1524.0;;1061;10.0;10.2;930153.0;1390.0;;1061;11.0;10.0;929513.0;1389.0;;105.25;68.1125
1062;200.0;95.9;1.00111e+06;1501.0;;1062;12.0;10.0;929513.0;1389.0;;1062;200;200;0;0;;1062;200.0;103.4;1.00743e+06;1511.0;;1062;11.0;9.9;928873.0;1388.0;;1062;200.0;114.8;1.01703e+06;1526.0;;1062;11.0;10.2;930153.0;1390.0;;1062;11.0;10.0;930153.0;1390.0;;105.625;69.275
1063;200.0;97.8;1.00239e+06;1503.0;;1063;11.0;10.1;929513.0;1389.0;;1063;200;200;0;0;;1063;200.0;105.4;1.00871e+06;1513.0;;1063;11.0;10.0;928873.0;1388.0;;1063;200.0;116.7;1.01895e+06;1529.0;;1063;11.0;10.2;930793.0;1391.0;;1063;11.0;10.0;930153.0;1390.0;;105.5;70.025
1064;200.0;99.7;1.00423e+06;1506.0;;1064;11.0;10.1;929513.0;1389.0;;1064;200;200;0;0;;1064;200.0;107.3;1.01063e+06;1516.0;;1064;12.0;10.0;928873.0;1388.0;;1064;200.0;118.6;1.02023e+06;1531.0;;1064;9.0;10.2;930793.0;1391.0;;1064;11.0;10.1;930153.0;1390.0;;105.375;70.75
1065;200.0;101.6;1.00551e+06;1508.0;;1065;11.0;10.1;929513.0;1389.0;;1065;200;200;0;0;;1065;200.0;109.2;1.01191e+06;1518.0;;1065;11.0;10.0;928873.0;1388.0;;1065;200.0;120.5;1.02215e+06;1534.0;;1065;11.0;10.2;930793.0;1391.0;;1065;10.0;10.1;930153.0;1390.0;;105.375;71.4625
1066;200.0;103.6;1.00743e+06;1511.0;;1066;10.0;10.0;929513.0;1389.0;;1066;200;200;0;0;;1066;200.0;111.0;1.01383e+06;1521.0;;1066;10.0;10.0;928873.0;1388.0;;1066;200.0;122.4;1.02343e+06;1536.0;;1066;11.0;10.2;930793.0;1391.0;;1066;10.0;10.1;930153.0;1390.0;;105.125;72.1625
1067;200.0;105.4;1.00871e+06;1513.0;;1067;11.0;10.0;929513.0;1389.0;;1067;200;200;0;0;;1067;200.0;112.9;1.01511e+06;1523.0;;1067;10.0;10.0;928873.0;1388.0;;1067;200.0;124.3;1.02535e+06;1539.0;;1067;9.0;10.2;930793.0;1391.0;;1067;10.0;10.1;930153.0;1390.0;;105.0;72.8625
1068;200.0;107.4;1.01063e+06;1516.0;;1068;9.0;10.0;929593.0;1389.0;;1068;200;200;0;0;;1068;200.0;114.8;1.01703e+06;1526.0;;1068;11.0;10.0;928873.0;1388.0;;1068;200.0;126.2;1.02663e+06;1541.0;;1068;10.0;10.2;930793.0;1391.0;;1068;11.0;10.1;930153.0;1390.0;;105.125;73.5875
1069;200.0;109.3;1.01191e+06;1518.0;;1069;10.0;10.0;930153.0;1390.0;;1069;200;200;0;0;;1069;200.0;116.7;1.01831e+06;1528.0;;1069;10.0;10.0;928873.0;1388.0;;1069;200.0;128.1;1.02855e+06;1544.0;;1069;13.0;10.3;930793.0;1391.0;;1069;11.0;10.1;930473.0;1390.0;;105.5;74.3125
1070;200.0;111.2;1.01383e+06;1521.0;;1070;11.0;10.1;930153.0;1390.0;;1070;200;200;0;0;;1070;200.0;118.6;1.02023e+06;1531.0;;1070;11.0;10.1;929513.0;1389.0;;1070;200.0;130.0;1.02983e+06;1546.0;;1070;10.0;10.3;930793.0;1391.0;;1070;10.0;10.1;930793.0;1391.0;;105.25;75.05
1071;200.0;113.1;1.01511e+06;1523.0;;1071;12.0;10.1;930153.0;1390.0;;1071;200;200;0;0;;1071;200.0;120.5;1.02151e+06;1533.0;;1071;11.0;10.1;929513.0;1389.0;;1071;200.0;131.9;1.03175e+06;1549.0;;1071;11.0;10.3;931433.0;1392.0;;1071;12.0;10.1;930793.0;1391.0;;105.75;75.7625
1072;200.0;114.9;1.01703e+06;1526.0;;1072;10.0;10.1;930153.0;1390.0;;1072;200;200;0;0;;1072;200.0;122.4;1.02343e+06;1536.0;;1072;11.0;10.1;929513.0;1389.0;;1072;200.0;133.8;1.03303e+06;1551.0;;1072;11.0;10.3;931433.0;1392.0;;1072;10.0;10.1;930793.0;1391.0;;105.25;76.4625
1073;200.0;116.8;1.01831e+06;1528.0;;1073;9.0;10.1;930153.0;1390.0;;1073;200;200;0;0;;1073;200.0;124.3;1.02471e+06;1538.0;;1073;10.0;10.1;929513.0;1389.0;;1073;200.0;135.7;1.03495e+06;1554.0;;1073;11.0;10.3;931433.0;1392.0;;1073;10.0;10.1;930793.0;1391.0;;105.0;77.175
1074;200.0;118.7;1.02023e+06;1531.0;;1074;10.0;10.1;930153.0;1390.0;;1074;200;200;0;0;;1074;200.0;126.2;1.02663e+06;1541.0;;1074;10.0;10.1;929513.0;1389.0;;1074;200.0;137.6;1.03623e+06;1556.0;;1074;12.0;10.3;931433.0;1392.0;;1074;10.0;10.1;930793.0;1391.0;;105.25;77.8875
1075;200.0;120.6;1.02151e+06;1533.0;;1075;10.0;10.1;930153.0;1390.0;;1075;200;200;0;0;;1075;200.0;128.1;1.02791e+06;1543.0;;1075;11.0;10.1;929513.0;1389.0;;1075;200.0;139.4;1.03815e+06;1559.0;;1075;12.0;10.3;931433.0;1392.0;;1075;11.0;10.1;930793.0;1391.0;;105.5;78.5875
1076;200.0;122.5;1.02343e+06;1536.0;;1076;11.0;10.1;930473.0;1390.0;;1076;200;200;0;0;;1076;200.0;130.0;1.02983e+06;1546.0;;1076;12.0;10.2;929513.0;1389.0;;1076;200.0;141.4;1.03943e+06;1561.0;;1076;10.0;10.3;931433.0;1392.0;;1076;9.0;10.1;930793.0;1391.0;;105.25;79.325
1077;200.0;124.4;1.02471e+06;1538.0;;1077;10.0;10.1;930793.0;1391.0;;1077;200;200;0;0;;1077;200.0;131.9;1.03111e+06;1548.0;;1077;10.0;10.2;930153.0;1390.0;;1077;200.0;143.2;1.04135e+06;1564.0;;1077;10.0;10.3;931433.0;1392.0;;1077;11.0;10.1;931433.0;1392.0;;105.125;80.025
1078;200.0;126.3;1.02663e+06;1541.0;;1078;11.0;10.1;930793.0;1391.0;;1078;200;200;0;0;;1078;200.0;133.8;1.03303e+06;1551.0;;1078;10.0;10.2;930153.0;1390.0;;1078;200.0;145.1;1.04263e+06;1566.0;;1078;12.0;10.3;932073.0;1393.0;;1078;12.0;10.1;931433.0;1392.0;;105.625;80.7375
1079;200.0;128.2;1.02791e+06;1543.0;;1079;11.0;10.1;930793.0;1391.0;;1079;200;200;0;0;;1079;200.0;135.7;1.03431e+06;1553.0;;1079;10.0;10.2;930153.0;1390.0;;1079;200.0;147.0;1.04455e+06;1569.0;;1079;10.0;10.3;932073.0;1393.0;;1079;12.0;10.2;931433.0;1392.0;;105.375;81.46249999999999
1080;200.0;130.1;1.02983e+06;1546.0;;1080;11.0;10.2;930793.0;1391.0;;1080;200;200;0;0;;1080;200.0;137.6;1.03623e+06;1556.0;;1080;10.0;10.2;930153.0;1390.0;;1080;200.0;148.9;1.04583e+06;1571.0;;1080;12.0;10.4;932073.0;1393.0;;1080;10.0;10.2;931433.0;1392.0;;105.375;82.2
1081;200.0;132.0;1.03111e+06;1548.0;;1081;11.0;10.2;930793.0;1391.0;;1081;200;200;0;0;;1081;200.0;139.5;1.03751e+06;1558.0;;1081;10.0;10.2;930153.0;1390.0;;1081;200.0;150.8;1.04775e+06;1574.0;;1081;12.0;10.4;932073.0;1393.0;;1081;10.0;10.2;931433.0;1392.0;;105.375;82.9125
1082;200.0;133.9;1.03303e+06;1551.0;;1082;10.0;10.2;930793.0;1391.0;;1082;200;200;0;0;;1082;200.0;141.4;1.03943e+06;1561.0;;1082;11.0;10.2;930153.0;1390.0;;1082;200.0;152.7;1.04903e+06;1576.0;;1082;10.0;10.4;932073.0;1393.0;;1082;10.0;10.2;931433.0;1392.0;;105.125;83.625
1083;200.0;135.8;1.03431e+06;1553.0;;1083;12.0;10.2;931033.0;1391.0;;1083;200;200;0;0;;1083;200.0;143.2;1.04071e+06;1563.0;;1083;11.0;10.2;930153.0;1390.0;;1083;200.0;154.6;1.05095e+06;1579.0;;1083;10.0;10.4;932073.0;1393.0;;1083;10.0;10.2;931433.0;1392.0;;105.375;84.325
1084;200.0;137.7;1.03623e+06;1556.0;;1084;11.0;10.2;931433.0;1392.0;;1084;200;200;0;0;;1084;200.0;145.1;1.04263e+06;1566.0;;1084;10.0;10.2;930153.0;1390.0;;1084;200.0;156.5;1.05223e+06;1581.0;;1084;11.0;10.4;932073.0;1393.0;;1084;10.0;10.2;931433.0;1392.0;;105.25;85.0375
1085;200.0;139.6;1.03751e+06;1558.0;;1085;11.0;10.2;931433.0;1392.0;;1085;200;200;0;0;;1085;200.0;147.0;1.04391e+06;1568.0;;1085;10.0;10.2;930793.0;1391.0;;1085;200.0;158.4;1.05415e+06;1584.0;;1085;11.0;10.4;932713.0;1394.0;;1085;11.0;10.2;932073.0;1393.0;;105.375;85.75
1086;200.0;141.5;1.03943e+06;1561.0;;1086;11.0;10.2;931433.0;1392.0;;1086;200;200;0;0;;1086;200.0;148.9;1.04583e+06;1571.0;;1086;11.0;10.2;930793.0;1391.0;;1086;200.0;160.3;1.05543e+06;1586.0;;1086;200.0;12.3;933913.0;1396.0;;1086;11.0;10.2;932073.0;1393.0;;129.125;86.7
1087;200.0;143.4;1.04071e+06;1563.0;;1087;10.0;10.2;931433.0;1392.0;;1087;200;200;0;0;;1087;200.0;150.8;1.04711e+06;1573.0;;1087;11.0;10.2;930793.0;1391.0;;1087;200.0;162.2;1.05735e+06;1589.0;;1087;13.0;12.3;933913.0;1396.0;;1087;11.0;10.2;932073.0;1393.0;;105.625;87.4125
1088;200.0;145.2;1.04263e+06;1566.0;;1088;12.0;10.2;931433.0;1392.0;;1088;200;200;0;0;;1088;200.0;152.7;1.04903e+06;1576.0;;1088;11.0;10.2;930793.0;1391.0;;1088;200.0;164.1;1.05863e+06;1591.0;;1088;10.0;12.3;933913.0;1396.0;;1088;10.0;10.2;932073.0;1393.0;;105.375;88.1125
1089;200.0;147.2;1.04391e+06;1568.0;;1089;10.0;10.2;931433.0;1392.0;;1089;200;200;0;0;;1089;200.0;154.6;1.05031e+06;1578.0;;1089;11.0;10.2;930793.0;1391.0;;1089;200.0;166.0;1.06055e+06;1594.0;;1089;12.0;12.4;933913.0;1396.0;;1089;11.0;10.2;932073.0;1393.0;;105.5;88.85
1090;200.0;149.0;1.04583e+06;1571.0;;1090;9.0;10.2;931433.0;1392.0;;1090;200;200;0;0;;1090;200.0;156.5;1.05223e+06;1581.0;;1090;9.0;10.2;930793.0;1391.0;;1090;200.0;167.9;1.06183e+06;1596.0;;1090;12.0;12.4;934553.0;1397.0;;1090;11.0;10.3;932073.0;1393.0;;105.125;89.5625
1091;200.0;150.9;1.04711e+06;1573.0;;1091;10.0;10.2;931833.0;1392.0;;1091;200;200;0;0;;1091;200.0;158.4;1.05351e+06;1583.0;;1091;11.0;10.2;930793.0;1391.0;;1091;200.0;169.8;1.06375e+06;1599.0;;1091;13.0;12.4;934553.0;1397.0;;1091;10.0;10.3;932073.0;1393.0;;105.5;90.275
1092;200.0;152.8;1.04903e+06;1576.0;;1092;11.0;10.2;932073.0;1393.0;;1092;200;200;0;0;;1092;200.0;160.3;1.05543e+06;1586.0;;1092;11.0;10.3;931033.0;1391.0;;1092;200.0;171.7;1.06503e+06;1601.0;;1092;12.0;12.4;934553.0;1397.0;;1092;10.0;10.3;932713.0;1394.0;;105.5;91.0
1093;200.0;154.7;1.05031e+06;1578.0;;1093;11.0;10.2;932073.0;1393.0;;1093;200;200;0;0;;1093;200.0;162.2;1.05671e+06;1588.0;;1093;11.0;10.3;931433.0;1392.0;;1093;200.0;173.6;1.06695e+06;1604.0;;1093;12.0;12.5;934553.0;1397.0;;1093;13.0;10.3;932713.0;1394.0;;105.875;91.725
1094;200.0;156.6;1.05223e+06;1581.0;;1094;10.0;10.3;932073.0;1393.0;;1094;200;200;0;0;;1094;200.0;164.1;1.05863e+06;1591.0;;1094;11.0;10.3;931433.0;1392.0;;1094;200.0;175.5;1.06823e+06;1606.0;;1094;12.0;12.5;934553.0;1397.0;;1094;11.0;10.3;932713.0;1394.0;;105.5;92.45
1095;200.0;158.5;1.05351e+06;1583.0;;1095;11.0;10.3;932073.0;1393.0;;1095;200;200;0;0;;1095;200.0;166.0;1.05991e+06;1593.0;;1095;10.0;10.3;931433.0;1392.0;;1095;200.0;177.4;1.07015e+06;1609.0;;1095;13.0;12.5;934553.0;1397.0;;1095;13.0;10.4;932713.0;1394.0;;105.875;93.175
1096;200.0;160.4;1.05543e+06;1586.0;;1096;11.0;10.3;932073.0;1393.0;;1096;200;200;0;0;;1096;200.0;167.9;1.06183e+06;1596.0;;1096;11.0;10.3;931433.0;1392.0;;1096;200.0;179.2;1.07143e+06;1611.0;;1096;200.0;14.4;936473.0;1400.0;;1096;11.0;10.4;932713.0;1394.0;;129.125;94.1125
1097;200.0;162.2;1.05671e+06;1588.0;;1097;10.0;10.3;932073.0;1393.0;;1097;200;200;0;0;;1097;200.0;169.8;1.06311e+06;1598.0;;1097;10.0;10.3;931433.0;1392.0;;1097;200.0;181.2;1.07335e+06;1614.0;;1097;12.0;14.4;936473.0;1400.0;;1097;12.0;10.4;932713.0;1394.0;;105.5;94.825
1098;200.0;164.1;1.05863e+06;1591.0;;1098;10.0;10.3;932073.0;1393.0;;1098;200;200;0;0;;1098;200.0;171.7;1.06503e+06;1601.0;;1098;11.0;10.3;931433.0;1392.0;;1098;200.0;183.0;1.07463e+06;1616.0;;1098;11.0;14.4;936473.0;1400.0;;1098;12.0;10.5;932713.0;1394.0;;105.5;95.5375
1099;200.0;166.0;1.05991e+06;1593.0;;1099;14.0;10.3;932713.0;1394.0;;1099;200;200;0;0;;1099;200.0;173.6;1.06631e+06;1603.0;;1099;10.0;10.3;931433.0;1392.0;;1099;200.0;184.9;1.07655e+06;1619.0;;1099;12.0;14.5;936473.0;1400.0;;1099;10.0;10.4;933273.0;1395.0;;105.75;96.25
1100;200.0;167.9;1.06183e+06;1596.0;;1100;11.0;10.4;932713.0;1394.0;;1100;200;200;0;0;;1100;200.0;175.5;1.06823e+06;1606.0;;1100;11.0;10.3;932073.0;1393.0;;1100;200.0;186.8;1.07783e+06;1621.0;;1100;12.0;14.5;936473.0;1400.0;;1100;14.0;10.5;933273.0;1395.0;;106.0;96.9875
1101;200.0;169.8;1.06311e+06;1598.0;;1101;11.0;10.4;932713.0;1394.0;;1101;200;200;0;0;;1101;200.0;177.4;1.06951e+06;1608.0;;1101;11.0;10.3;932073.0;1393.0;;1101;200.0;188.7;1.07975e+06;1624.0;;1101;200.0;16.4;938393.0;1403.0;;1101;11.0;10.5;933273.0;1395.0;;129.125;97.9375
1102;200.0;171.7;1.06503e+06;1601.0;;1102;11.0;10.4;932713.0;1394.0;;1102;200;200;0;0;;1102;200.0;179.3;1.07143e+06;1611.0;;1102;13.0;10.4;932073.0;1393.0;;1102;200.0;190.6;1.08103e+06;1626.0;;1102;200.0;18.3;939673.0;1405.0;;1102;12.0;10.5;933273.0;1395.0;;129.5;98.9
1103;200.0;173.6;1.06631e+06;1603.0;;1103;11.0;10.4;932713.0;1394.0;;1103;200;200;0;0;;1103;200.0;181.2;1.07271e+06;1613.0;;1103;11.0;10.4;932073.0;1393.0;;1103;200.0;190.6;1.08295e+06;1629.0;;1103;200.0;20.2;941593.0;1408.0;;1103;12.0;10.5;933273.0;1395.0;;129.25;99.6125
1104;200.0;175.5;1.06823e+06;1606.0;;1104;10.0;10.4;932713.0;1394.0;;1104;200;200;0;0;;1104;200.0;183.0;1.07463e+06;1616.0;;1104;9.0;10.4;932073.0;1393.0;;1104;200.0;192.5;1.08423e+06;1631.0;;1104;200.0;22.1;942873.0;1410.0;;1104;13.0;10.6;933273.0;1395.0;;129.0;100.5625
1105;200.0;177.4;1.06951e+06;1608.0;;1105;12.0;10.4;932713.0;1394.0;;1105;200;200;0;0;;1105;200.0;185.0;1.07591e+06;1618.0;;1105;10.0;10.4;932073.0;1393.0;;1105;200.0;194.4;1.08615e+06;1634.0;;1105;200.0;24.0;944793.0;1413.0;;1105;13.0;10.6;933673.0;1395.0;;129.375;101.525
1106;200.0;179.3;1.07143e+06;1611.0;;1106;12.0;10.4;933273.0;1395.0;;1106;200;200;0;0;;1106;200.0;186.8;1.07783e+06;1621.0;;1106;11.0;10.4;932073.0;1393.0;;1106;200.0;194.4;1.08743e+06;1636.0;;1106;200.0;25.9;946073.0;1415.0;;1106;13.0;10.6;933913.0;1396.0;;129.5;102.22500000000001
1107;200.0;181.2;1.07271e+06;1613.0;;1107;12.0;10.4;933273.0;1395.0;;1107;200;200;0;0;;1107;200.0;188.7;1.07911e+06;1623.0;;1107;11.0;10.4;932713.0;1394.0;;1107;200.0;196.2;1.08935e+06;1639.0;;1107;200.0;27.8;947993.0;1418.0;;1107;12.0;10.6;933913.0;1396.0;;129.375;103.1625
1108;200.0;183.0;1.07463e+06;1616.0;;1108;200.0;12.3;934553.0;1397.0;;1108;200;200;0;0;;1108;200.0;190.6;1.08103e+06;1626.0;;1108;12.0;10.4;932713.0;1394.0;;1108;200;200;0;0;;1108;200.0;29.7;949273.0;1420.0;;1108;14.0;10.6;933913.0;1396.0;;153.25;104.575
1109;200.0;184.9;1.07591e+06;1618.0;;1109;10.0;12.3;934553.0;1397.0;;1109;200;200;0;0;;1109;200.0;192.5;1.08231e+06;1628.0;;1109;12.0;10.5;932713.0;1394.0;;1109;200;200;0;0;;1109;200.0;31.6;951193.0;1423.0;;1109;10.0;10.6;933913.0;1396.0;;129.0;105.3
1110;200.0;186.8;1.07783e+06;1621.0;;1110;12.0;12.4;934953.0;1397.0;;1110;200;200;0;0;;1110;200.0;194.4;1.08423e+06;1631.0;;1110;12.0;10.5;932713.0;1394.0;;1110;200;200;0;0;;1110;200.0;33.5;952473.0;1425.0;;1110;12.0;10.6;933913.0;1396.0;;129.5;106.025
1111;200.0;188.7;1.07911e+06;1623.0;;1111;12.0;12.4;935193.0;1398.0;;1111;200;200;0;0;;1111;200.0;196.3;1.08551e+06;1633.0;;1111;200.0;12.4;933913.0;1396.0;;1111;200;200;0;0;;1111;200.0;35.4;954393.0;1428.0;;1111;13.0;10.7;933913.0;1396.0;;153.125;106.9875
1112;200.0;190.6;1.08103e+06;1626.0;;1112;13.0;12.4;935193.0;1398.0;;1112;200;200;0;0;;1112;200.0;198.1;1.08743e+06;1636.0;;1112;13.0;12.4;934553.0;1397.0;;1112;200;200;0;0;;1112;200.0;37.3;955673.0;1430.0;;1112;200.0;12.6;935833.0;1399.0;;153.25;107.925
1113;200.0;192.5;1.08231e+06;1628.0;;1113;200.0;14.3;936473.0;1400.0;;1113;200;200;0;0;;1113;200.0;198.1;1.08871e+06;1638.0;;1113;200.0;14.3;935833.0;1399.0;;1113;200;200;0;0;;1113;200.0;39.2;957593.0;1433.0;;1113;200.0;14.5;937113.0;1401.0;;200.0;109.1125
1114;200.0;194.4;1.08423e+06;1631.0;;1114;200.0;16.2;938393.0;1403.0;;1114;200;200;0;0;;1114;200.0;200.0;1.09063e+06;1641.0;;1114;200.0;16.2;937753.0;1402.0;;1114;200;200;0;0;;1114;200.0;41.1;958873.0;1435.0;;1114;16.0;14.6;937753.0;1402.0;;177.0;110.3125
1115;200.0;196.2;1.08551e+06;1633.0;;1115;200.0;18.1;939673.0;1405.0;;1115;200;200;0;0;;1115;200;200;0;0;;1115;200.0;18.1;939033.0;1404.0;;1115;200;200;0;0;;1115;200.0;43.0;960793.0;1438.0;;1115;200.0;16.5;939033.0;1404.0;;200.0;111.4875
1116;200.0;196.2;1.08743e+06;1636.0;;1116;200.0;20.0;941593.0;1408.0;;1116;200;200;0;0;;1116;200;200;0;0;;1116;14.0;18.1;939033.0;1404.0;;1116;200;200;0;0;;1116;200.0;44.9;962073.0;1440.0;;1116;200.0;18.4;940953.0;1407.0;;176.75;112.2
1117;200.0;198.1;1.08871e+06;1638.0;;1117;200.0;21.9;942873.0;1410.0;;1117;200;200;0;0;;1117;200;200;0;0;;1117;12.0;18.2;939033.0;1404.0;;1117;200;200;0;0;;1117;200.0;46.8;963993.0;1443.0;;1117;200.0;20.3;942233.0;1409.0;;176.5;113.1625
1118;200.0;198.1;1.09063e+06;1641.0;;1118;200.0;23.8;944793.0;1413.0;;1118;200;200;0;0;;1118;200;200;0;0;;1118;200.0;20.0;940953.0;1407.0;;1118;200;200;0;0;;1118;200.0;48.6;965273.0;1445.0;;1118;200.0;22.2;944153.0;1412.0;;200.0;114.0875
1119;200;200;0;0;;1119;200.0;25.7;946073.0;1415.0;;1119;200;200;0;0;;1119;200;200;0;0;;1119;200.0;21.9;942233.0;1409.0;;1119;200;200;0;0;;1119;200.0;50.5;967193.0;1448.0;;1119;200.0;24.1;945433.0;1414.0;;200.0;115.275
1120;200;200;0;0;;1120;200.0;27.6;947993.0;1418.0;;1120;200;200;0;0;;1120;200;200;0;0;;1120;200.0;23.8;944153.0;1412.0;;1120;200;200;0;0;;1120;200.0;52.4;968473.0;1450.0;;1120;200.0;26.0;947353.0;1417.0;;200.0;116.225
1121;200;200;0;0;;1121;200.0;29.5;949273.0;1420.0;;1121;200;200;0;0;;1121;200;200;0;0;;1121;200.0;25.7;945433.0;1414.0;;1121;200;200;0;0;;1121;200.0;54.3;970393.0;1453.0;;1121;200.0;27.9;948633.0;1419.0;;200.0;117.175
1122;200;200;0;0;;1122;200.0;31.4;951193.0;1423.0;;1122;200;200;0;0;;1122;200;200;0;0;;1122;200.0;27.6;947353.0;1417.0;;1122;200;200;0;0;;1122;200.0;56.2;971673.0;1455.0;;1122;200.0;29.8;950553.0;1422.0;;200.0;118.125
1123;200;200;0;0;;1123;200.0;33.3;952473.0;1425.0;;1123;200;200;0;0;;1123;200;200;0;0;;1123;200.0;29.5;948633.0;1419.0;;1123;200;200;0;0;;1123;200.0;58.1;973593.0;1458.0;;1123;200.0;31.7;951833.0;1424.0;;200.0;119.075
1124;200;200;0;0;;1124;200.0;35.2;954393.0;1428.0;;1124;200;200;0;0;;1124;200;200;0;0;;1124;200.0;31.4;950553.0;1422.0;;1124;200;200;0;0;;1124;200.0;60.0;974873.0;1460.0;;1124;200.0;33.6;953753.0;1427.0;;200.0;120.025
1125;200;200;0;0;;1125;200.0;37.1;955673.0;1430.0;;1125;200;200;0;0;;1125;200;200;0;0;;1125;200.0;33.3;951833.0;1424.0;;1125;200;200;0;0;;1125;200.0;61.9;976793.0;1463.0;;1125;200.0;35.5;955033.0;1429.0;;200.0;120.975
1126;200;200;0;0;;1126;200.0;39.0;957593.0;1433.0;;1126;200;200;0;0;;1126;200;200;0;0;;1126;200.0;35.2;953753.0;1427.0;;1126;200;200;0;0;;1126;200.0;63.8;978073.0;1465.0;;1126;200.0;37.4;956953.0;1432.0;;200.0;121.925
1127;200;200;0;0;;1127;200.0;40.9;958873.0;1435.0;;1127;200;200;0;0;;1127;200;200;0;0;;1127;200.0;37.1;955033.0;1429.0;;1127;200;200;0;0;;1127;200.0;65.7;979993.0;1468.0;;1127;200.0;39.3;958233.0;1434.0;;200.0;122.875
1128;200;200;0;0;;1128;200.0;42.8;960793.0;1438.0;;1128;200;200;0;0;;1128;200;200;0;0;;1128;200.0;39.0;956953.0;1432.0;;1128;200;200;0;0;;1128;200.0;67.6;981273.0;1470.0;;1128;200.0;41.2;960153.0;1437.0;;200.0;123.825
1129;200;200;0;0;;1129;200.0;44.8;962233.0;1440.0;;1129;200;200;0;0;;1129;200;200;0;0;;1129;200.0;40.9;958233.0;1434.0;;1129;200;200;0;0;;1129;200.0;69.5;983193.0;1473.0;;1129;200.0;43.1;961433.0;1439.0;;200.0;124.7875
1130;200;200;0;0;;1130;200.0;46.7;963993.0;1443.0;;1130;200;200;0;0;;1130;200;200;0;0;;1130;200.0;42.8;960153.0;1437.0;;1130;200;200;0;0;;1130;200.0;71.4;984473.0;1475.0;;1130;200.0;45.0;963353.0;1442.0;;200.0;125.7375
1131;200;200;0;0;;1131;200.0;48.6;965273.0;1445.0;;1131;200;200;0;0;;1131;200;200;0;0;;1131;200.0;44.7;961433.0;1439.0;;1131;200;200;0;0;;1131;200.0;73.3;986393.0;1478.0;;1131;200.0;46.9;964633.0;1444.0;;200.0;126.6875
1132;200;200;0;0;;1132;200.0;50.4;967193.0;1448.0;;1132;200;200;0;0;;1132;200;200;0;0;;1132;200.0;46.6;963353.0;1442.0;;1132;200;200;0;0;;1132;200.0;75.2;987673.0;1480.0;;1132;200.0;48.8;966553.0;1447.0;;200.0;127.625
1133;200;200;0;0;;1133;200.0;52.3;968473.0;1450.0;;1133;200;200;0;0;;1133;200;200;0;0;;1133;200.0;48.5;964633.0;1444.0;;1133;200;200;0;0;;1133;200.0;77.1;989593.0;1483.0;;1133;200.0;50.7;967833.0;1449.0;;200.0;128.575
1134;200;200;0;0;;1134;200.0;54.2;970393.0;1453.0;;1134;200;200;0;0;;1134;200;200;0;0;;1134;200.0;50.4;966553.0;1447.0;;1134;200;200;0;0;;1134;200.0;79.0;990873.0;1485.0;;1134;200.0;52.6;969753.0;1452.0;;200.0;129.525
1135;200;200;0;0;;1135;200.0;56.1;971673.0;1455.0;;1135;200;200;0;0;;1135;200;200;0;0;;1135;200.0;52.3;967833.0;1449.0;;1135;200;200;0;0;;1135;200.0;80.9;992793.0;1488.0;;1135;200.0;54.5;971033.0;1454.0;;200.0;130.475
1136;200;200;0;0;;1136;200.0;58.0;973593.0;1458.0;;1136;200;200;0;0;;1136;200;200;0;0;;1136;200.0;54.2;969753.0;1452.0;;1136;200;200;0;0;;1136;200.0;82.8;994073.0;1490.0;;1136;200.0;56.4;972953.0;1457.0;;200.0;131.425
1137;200;200;0;0;;1137;200.0;59.9;974873.0;1460.0;;1137;200;200;0;0;;1137;200;200;0;0;;1137;200.0;56.1;971033.0;1454.0;;1137;200;200;0;0;;1137;200.0;84.7;995993.0;1493.0;;1137;200.0;58.3;974233.0;1459.0;;200.0;132.375
1138;200;200;0;0;;1138;200.0;61.8;976793.0;1463.0;;1138;200;200;0;0;;1138;200;200;0;0;;1138;200.0;58.0;972953.0;1457.0;;1138;200;200;0;0;;1138;200.0;86.6;997273.0;1495.0;;1138;200.0;60.2;976153.0;1462.0;;200.0;133.325
1139;200;200;0;0;;1139;200.0;63.7;978073.0;1465.0;;1139;200;200;0;0;;1139;200;200;0;0;;1139;200.0;59.9;974233.0;1459.0;;1139;200;200;0;0;;1139;200.0;88.5;999193.0;1498.0;;1139;200.0;62.1;977433.0;1464.0;;200.0;134.275
1140;200;200;0;0;;1140;200.0;65.6;979993.0;1468.0;;1140;200;200;0;0;;1140;200;200;0;0;;1140;200.0;61.8;976153.0;1462.0;;1140;200;200;0;0;;1140;200.0;90.4;1.00047e+06;1500.0;;1140;200.0;64.0;979353.0;1467.0;;200.0;135.225
1141;200;200;0;0;;1141;200.0;67.5;981273.0;1470.0;;1141;200;200;0;0;;1141;200;200;0;0;;1141;200.0;63.7;977433.0;1464.0;;1141;200;200;0;0;;1141;200.0;92.3;1.00239e+06;1503.0;;1141;200.0;65.8;980633.0;1469.0;;200.0;136.1625
1142;200;200;0;0;;1142;200.0;69.4;983193.0;1473.0;;1142;200;200;0;0;;1142;200;200;0;0;;1142;200.0;65.6;979353.0;1467.0;;1142;200;200;0;0;;1142;200.0;94.2;1.00359e+06;1505.0;;1142;200.0;67.7;982553.0;1472.0;;200.0;137.1125
1143;200;200;0;0;;1143;200.0;71.3;984473.0;1475.0;;1143;200;200;0;0;;1143;200;200;0;0;;1143;200.0;67.5;980633.0;1469.0;;1143;200;200;0;0;;1143;200.0;96.1;1.00551e+06;1508.0;;1143;200.0;69.6;983833.0;1474.0;;200.0;138.0625
1144;200;200;0;0;;1144;200.0;73.2;986393.0;1478.0;;1144;200;200;0;0;;1144;200;200;0;0;;1144;200.0;69.4;982553.0;1472.0;;1144;200;200;0;0;;1144;200.0;98.0;1.00679e+06;1510.0;;1144;200.0;71.5;985753.0;1477.0;;200.0;139.0125
1145;200;200;0;0;;1145;200.0;75.1;987673.0;1480.0;;1145;200;200;0;0;;1145;200;200;0;0;;1145;200.0;71.3;983833.0;1474.0;;1145;200;200;0;0;;1145;200.0;99.9;1.00871e+06;1513.0;;1145;200.0;73.4;987033.0;1479.0;;200.0;139.9625
1146;200;200;0;0;;1146;200.0;77.0;989593.0;1483.0;;1146;200;200;0;0;;1146;200;200;0;0;;1146;200.0;73.2;985753.0;1477.0;;1146;200;200;0;0;;1146;200.0;101.8;1.00999e+06;1515.0;;1146;200.0;75.3;988953.0;1482.0;;200.0;140.9125
1147;200;200;0;0;;1147;200.0;78.9;990873.0;1485.0;;1147;200;200;0;0;;1147;200;200;0;0;;1147;200.0;75.1;987033.0;1479.0;;1147;200;200;0;0;;1147;200.0;103.7;1.01191e+06;1518.0;;1147;200.0;77.2;990233.0;1484.0;;200.0;141.8625
1148;200;200;0;0;;1148;200.0;80.8;992793.0;1488.0;;1148;200;200;0;0;;1148;200;200;0;0;;1148;200.0;77.0;988953.0;1482.0;;1148;200;200;0;0;;1148;200.0;105.6;1.01319e+06;1520.0;;1148;200.0;79.1;992153.0;1487.0;;200.0;142.8125
1149;200;200;0;0;;1149;200.0;82.7;994073.0;1490.0;;1149;200;200;0;0;;1149;200;200;0;0;;1149;200.0;78.9;990233.0;1484.0;;1149;200;200;0;0;;1149;200.0;107.4;1.01511e+06;1523.0;;1149;200.0;81.0;993433.0;1489.0;;200.0;143.75
1150;200;200;0;0;;1150;200.0;84.6;995993.0;1493.0;;1150;200;200;0;0;;1150;200;200;0;0;;1150;200.0;80.8;992153.0;1487.0;;1150;200;200;0;0;;1150;200.0;109.3;1.01639e+06;1525.0;;1150;200.0;82.9;995353.0;1492.0;;200.0;144.7
1151;200;200;0;0;;1151;200.0;86.5;997273.0;1495.0;;1151;200;200;0;0;;1151;200;200;0;0;;1151;200.0;82.7;993433.0;1489.0;;1151;200;200;0;0;;1151;200.0;111.2;1.01831e+06;1528.0;;1151;200.0;84.8;996633.0;1494.0;;200.0;145.65
1152;200;200;0;0;;1152;200.0;88.4;999193.0;1498.0;;1152;200;200;0;0;;1152;200;200;0;0;;1152;200.0;84.6;995353.0;1492.0;;1152;200;200;0;0;;1152;200.0;113.1;1.01959e+06;1530.0;;1152;200.0;86.7;998553.0;1497.0;;200.0;146.6
1153;200;200;0;0;;1153;200.0;90.3;1.00047e+06;1500.0;;1153;200;200;0;0;;1153;200;200;0;0;;1153;200.0;86.5;996633.0;1494.0;;1153;200;200;0;0;;1153;200.0;115.0;1.02151e+06;1533.0;;1153;200.0;88.6;999833.0;1499.0;;200.0;147.55
1154;200;200;0;0;;1154;200.0;92.2;1.00239e+06;1503.0;;1154;200;200;0;0;;1154;200;200;0;0;;1154;200.0;88.4;998553.0;1497.0;;1154;200;200;0;0;;1154;200.0;116.9;1.02279e+06;1535.0;;1154;200.0;90.5;1.00175e+06;1502.0;;200.0;148.5
1155;200;200;0;0;;1155;200.0;94.1;1.00359e+06;1505.0;;1155;200;200;0;0;;1155;200;200;0;0;;1155;200.0;90.3;999833.0;1499.0;;1155;200;200;0;0;;1155;200.0;118.8;1.02471e+06;1538.0;;1155;200.0;92.4;1.00303e+06;1504.0;;200.0;149.45
1156;200;200;0;0;;1156;200.0;96.0;1.00551e+06;1508.0;;1156;200;200;0;0;;1156;200;200;0;0;;1156;200.0;92.2;1.00175e+06;1502.0;;1156;200;200;0;0;;1156;200.0;120.7;1.02599e+06;1540.0;;1156;200.0;94.3;1.00487e+06;1507.0;;200.0;150.4
1157;200;200;0;0;;1157;200.0;97.9;1.00679e+06;1510.0;;1157;200;200;0;0;;1157;200;200;0;0;;1157;200.0;94.1;1.00303e+06;1504.0;;1157;200;200;0;0;;1157;200.0;122.6;1.02791e+06;1543.0;;1157;200.0;96.2;1.00615e+06;1509.0;;200.0;151.35
1158;200;200;0;0;;1158;200.0;99.8;1.00871e+06;1513.0;;1158;200;200;0;0;;1158;200;200;0;0;;1158;200.0;96.0;1.00487e+06;1507.0;;1158;200;200;0;0;;1158;200.0;124.5;1.02919e+06;1545.0;;1158;200.0;98.1;1.00807e+06;1512.0;;200.0;152.3
1159;200;200;0;0;;1159;200.0;101.6;1.00999e+06;1515.0;;1159;200;200;0;0;;1159;200;200;0;0;;1159;200.0;97.9;1.00615e+06;1509.0;;1159;200;200;0;0;;1159;200.0;126.4;1.03111e+06;1548.0;;1159;200.0;100.0;1.00935e+06;1514.0;;200.0;153.2375
1160;200;200;0;0;;1160;200.0;103.5;1.01191e+06;1518.0;;1160;200;200;0;0;;1160;200;200;0;0;;1160;200.0;99.8;1.00807e+06;1512.0;;1160;200;200;0;0;;1160;200.0;128.3;1.03239e+06;1550.0;;1160;200.0;101.8;1.01127e+06;1517.0;;200.0;154.175
1161;200;200;0;0;;1161;200.0;105.4;1.01319e+06;1520.0;;1161;200;200;0;0;;1161;200;200;0;0;;1161;200.0;101.6;1.00935e+06;1514.0;;1161;200;200;0;0;;1161;200.0;130.2;1.03431e+06;1553.0;;1161;200.0;103.7;1.01255e+06;1519.0;;200.0;155.1125
1162;200;200;0;0;;1162;200.0;107.3;1.01511e+06;1523.0;;1162;200;200;0;0;;1162;200;200;0;0;;1162;200.0;103.5;1.01127e+06;1517.0;;1162;200;200;0;0;;1162;200.0;132.0;1.03559e+06;1555.0;;1162;200.0;105.6;1.01447e+06;1522.0;;200.0;156.05
1163;200;200;0;0;;1163;200.0;109.2;1.01639e+06;1525.0;;1163;200;200;0;0;;1163;200;200;0;0;;1163;200.0;105.4;1.01255e+06;1519.0;;1163;200;200;0;0;;1163;200.0;133.9;1.03751e+06;1558.0;;1163;200.0;107.5;1.01575e+06;1524.0;;200.0;157.0
1164;200;200;0;0;;1164;200.0;111.1;1.01831e+06;1528.0;;1164;200;200;0;0;;1164;200;200;0;0;;1164;200.0;107.3;1.01447e+06;1522.0;;1164;200;200;0;0;;1164;200.0;135.8;1.03879e+06;1560.0;;1164;200.0;109.4;1.01767e+06;1527.0;;200.0;157.95
1165;200;200;0;0;;1165;200.0;113.0;1.01959e+06;1530.0;;1165;200;200;0;0;;1165;200;200;0;0;;1165;200.0;109.2;1.01575e+06;1524.0;;1165;200;200;0;0;;1165;200.0;137.7;1.04071e+06;1563.0;;1165;200.0;111.3;1.01895e+06;1529.0;;200.0;158.9
1166;200;200;0;0;;1166;200.0;114.9;1.02151e+06;1533.0;;1166;200;200;0;0;;1166;200;200;0;0;;1166;200.0;111.1;1.01767e+06;1527.0;;1166;200;200;0;0;;1166;200.0;139.6;1.04199e+06;1565.0;;1166;200.0;113.2;1.02087e+06;1532.0;;200.0;159.85
1167;200;200;0;0;;1167;200.0;116.8;1.02279e+06;1535.0;;1167;200;200;0;0;;1167;200;200;0;0;;1167;200.0;113.0;1.01895e+06;1529.0;;1167;200;200;0;0;;1167;200.0;141.5;1.04391e+06;1568.0;;1167;200.0;115.1;1.02215e+06;1534.0;;200.0;160.8
1168;200;200;0;0;;1168;200.0;118.7;1.02471e+06;1538.0;;1168;200;200;0;0;;1168;200;200;0;0;;1168;200.0;114.9;1.02087e+06;1532.0;;1168;200;200;0;0;;1168;200.0;143.4;1.04519e+06;1570.0;;1168;200.0;117.0;1.02407e+06;1537.0;;200.0;161.75
1169;200;200;0;0;;1169;200.0;120.6;1.02599e+06;1540.0;;1169;200;200;0;0;;1169;200;200;0;0;;1169;200.0;116.8;1.02215e+06;1534.0;;1169;200;200;0;0;;1169;200.0;145.3;1.04711e+06;1573.0;;1169;200.0;118.9;1.02535e+06;1539.0;;200.0;162.7
1170;200;200;0;0;;1170;200.0;122.5;1.02791e+06;1543.0;;1170;200;200;0;0;;1170;200;200;0;0;;1170;200.0;118.7;1.02407e+06;1537.0;;1170;200;200;0;0;;1170;200.0;147.2;1.04839e+06;1575.0;;1170;200.0;120.8;1.02727e+06;1542.0;;200.0;163.65
1171;200;200;0;0;;1171;200.0;124.4;1.02919e+06;1545.0;;1171;200;200;0;0;;1171;200;200;0;0;;1171;200.0;120.6;1.02535e+06;1539.0;;1171;200;200;0;0;;1171;200.0;149.1;1.05031e+06;1578.0;;1171;200.0;122.7;1.02855e+06;1544.0;;200.0;164.6
1172;200;200;0;0;;1172;200.0;126.2;1.03111e+06;1548.0;;1172;200;200;0;0;;1172;200;200;0;0;;1172;200.0;122.5;1.02727e+06;1542.0;;1172;200;200;0;0;;1172;200.0;151.0;1.05159e+06;1580.0;;1172;200.0;124.6;1.03047e+06;1547.0;;200.0;165.5375
1173;200;200;0;0;;1173;200.0;128.2;1.03239e+06;1550.0;;1173;200;200;0;0;;1173;200;200;0;0;;1173;200.0;124.4;1.02855e+06;1544.0;;1173;200;200;0;0;;1173;200.0;152.9;1.05351e+06;1583.0;;1173;200.0;126.5;1.03175e+06;1549.0;;200.0;166.5
1174;200;200;0;0;;1174;200.0;130.1;1.03431e+06;1553.0;;1174;200;200;0;0;;1174;200;200;0;0;;1174;200.0;126.3;1.03047e+06;1547.0;;1174;200;200;0;0;;1174;200.0;154.8;1.05479e+06;1585.0;;1174;200.0;128.4;1.03367e+06;1552.0;;200.0;167.45
1175;200;200;0;0;;1175;200.0;132.0;1.03559e+06;1555.0;;1175;200;200;0;0;;1175;200;200;0;0;;1175;200.0;128.2;1.03175e+06;1549.0;;1175;200;200;0;0;;1175;200.0;156.6;1.05671e+06;1588.0;;1175;200.0;130.3;1.03495e+06;1554.0;;200.0;168.3875
1176;200;200;0;0;;1176;200.0;133.8;1.03751e+06;1558.0;;1176;200;200;0;0;;1176;200;200;0;0;;1176;200.0;130.0;1.03367e+06;1552.0;;1176;200;200;0;0;;1176;200.0;158.5;1.05799e+06;1590.0;;1176;200.0;132.2;1.03687e+06;1557.0;;200.0;169.3125
1177;200;200;0;0;;1177;200.0;135.8;1.03879e+06;1560.0;;1177;200;200;0;0;;1177;200;200;0;0;;1177;200.0;131.9;1.03495e+06;1554.0;;1177;200;200;0;0;;1177;200.0;160.4;1.05991e+06;1593.0;;1177;200.0;134.1;1.03815e+06;1559.0;;200.0;170.275
1178;200;200;0;0;;1178;200.0;137.6;1.04071e+06;1563.0;;1178;200;200;0;0;;1178;200;200;0;0;;1178;200.0;133.8;1.03687e+06;1557.0;;1178;200;200;0;0;;1178;200.0;162.3;1.06119e+06;1595.0;;1178;200.0;135.9;1.04007e+06;1562.0;;200.0;171.2
1179;200;200;0;0;;1179;200.0;139.5;1.04199e+06;1565.0;;1179;200;200;0;0;;1179;200;200;0;0;;1179;200.0;135.7;1.03815e+06;1559.0;;1179;200;200;0;0;;1179;200.0;164.2;1.06311e+06;1598.0;;1179;200.0;137.8;1.04135e+06;1564.0;;200.0;172.15
1180;200;200;0;0;;1180;200.0;141.4;1.04391e+06;1568.0;;1180;200;200;0;0;;1180;200;200;0;0;;1180;200.0;137.6;1.04007e+06;1562.0;;1180;200;200;0;0;;1180;200.0;166.1;1.06439e+06;1600.0;;1180;200.0;139.7;1.04327e+06;1567.0;;200.0;173.1
1181;200;200;0;0;;1181;200.0;143.3;1.04519e+06;1570.0;;1181;200;200;0;0;;1181;200;200;0;0;;1181;200.0;139.5;1.04135e+06;1564.0;;1181;200;200;0;0;;1181;200.0;168.0;1.06631e+06;1603.0;;1181;200.0;141.6;1.04455e+06;1569.0;;200.0;174.05
1182;200;200;0;0;;1182;200.0;145.2;1.04711e+06;1573.0;;1182;200;200;0;0;;1182;200;200;0;0;;1182;200.0;141.4;1.04327e+06;1567.0;;1182;200;200;0;0;;1182;200.0;169.9;1.06759e+06;1605.0;;1182;200.0;143.5;1.04647e+06;1572.0;;200.0;175.0
1183;200;200;0;0;;1183;200.0;147.1;1.04839e+06;1575.0;;1183;200;200;0;0;;1183;200;200;0;0;;1183;200.0;143.3;1.04455e+06;1569.0;;1183;200;200;0;0;;1183;200.0;171.8;1.06951e+06;1608.0;;1183;200.0;145.4;1.04775e+06;1574.0;;200.0;175.95
1184;200;200;0;0;;1184;200.0;149.0;1.05031e+06;1578.0;;1184;200;200;0;0;;1184;200;200;0;0;;1184;200.0;145.2;1.04647e+06;1572.0;;1184;200;200;0;0;;1184;200.0;173.7;1.07079e+06;1610.0;;1184;200.0;147.3;1.04967e+06;1577.0;;200.0;176.9
1185;200;200;0;0;;1185;200.0;150.9;1.05159e+06;1580.0;;1185;200;200;0;0;;1185;200;200;0;0;;1185;200.0;147.1;1.04775e+06;1574.0;;1185;200;200;0;0;;1185;200.0;175.6;1.07271e+06;1613.0;;1185;200.0;149.2;1.05095e+06;1579.0;;200.0;177.85
1186;200;200;0;0;;1186;200.0;152.8;1.05351e+06;1583.0;;1186;200;200;0;0;;1186;200;200;0;0;;1186;200.0;149.0;1.04967e+06;1577.0;;1186;200;200;0;0;;1186;200.0;175.6;1.07399e+06;1615.0;;1186;200.0;151.1;1.05287e+06;1582.0;;200.0;178.5625
1187;200;200;0;0;;1187;200.0;154.7;1.05479e+06;1585.0;;1187;200;200;0;0;;1187;200;200;0;0;;1187;200.0;150.9;1.05095e+06;1579.0;;1187;200;200;0;0;;1187;200.0;177.4;1.07591e+06;1618.0;;1187;200.0;153.0;1.05415e+06;1584.0;;200.0;179.5
1188;200;200;0;0;;1188;200.0;156.5;1.05671e+06;1588.0;;1188;200;200;0;0;;1188;200;200;0;0;;1188;200.0;152.8;1.05287e+06;1582.0;;1188;200;200;0;0;;1188;200.0;179.3;1.07719e+06;1620.0;;1188;200.0;154.9;1.05607e+06;1587.0;;200.0;180.4375
1189;200;200;0;0;;1189;200.0;158.4;1.05799e+06;1590.0;;1189;200;200;0;0;;1189;200;200;0;0;;1189;200.0;154.7;1.05415e+06;1584.0;;1189;200;200;0;0;;1189;200.0;181.2;1.07911e+06;1623.0;;1189;200.0;156.8;1.05735e+06;1589.0;;200.0;181.3875
1190;200;200;0;0;;1190;200.0;160.4;1.05991e+06;1593.0;;1190;200;200;0;0;;1190;200;200;0;0;;1190;200.0;156.6;1.05607e+06;1587.0;;1190;200;200;0;0;;1190;200.0;183.1;1.08039e+06;1625.0;;1190;200.0;158.7;1.05927e+06;1592.0;;200.0;182.35
1191;200;200;0;0;;1191;200.0;162.2;1.06119e+06;1595.0;;1191;200;200;0;0;;1191;200;200;0;0;;1191;200.0;158.5;1.05735e+06;1589.0;;1191;200;200;0;0;;1191;200.0;185.0;1.08231e+06;1628.0;;1191;200.0;160.6;1.06055e+06;1594.0;;200.0;183.2875
1192;200;200;0;0;;1192;200.0;164.1;1.06311e+06;1598.0;;1192;200;200;0;0;;1192;200;200;0;0;;1192;200.0;160.4;1.05927e+06;1592.0;;1192;200;200;0;0;;1192;200.0;186.8;1.08359e+06;1630.0;;1192;200.0;162.5;1.06247e+06;1597.0;;200.0;184.225
1193;200;200;0;0;;1193;200.0;166.0;1.06439e+06;1600.0;;1193;200;200;0;0;;1193;200;200;0;0;;1193;200.0;162.2;1.06055e+06;1594.0;;1193;200;200;0;0;;1193;200.0;188.7;1.08551e+06;1633.0;;1193;200.0;164.3;1.06375e+06;1599.0;;200.0;185.15
1194;200;200;0;0;;1194;200.0;167.9;1.06631e+06;1603.0;;1194;200;200;0;0;;1194;200;200;0;0;;1194;200.0;164.1;1.06247e+06;1597.0;;1194;200;200;0;0;;1194;200.0;190.6;1.08679e+06;1635.0;;1194;200.0;166.2;1.06567e+06;1602.0;;200.0;186.1
1195;200;200;0;0;;1195;200.0;169.8;1.06759e+06;1605.0;;1195;200;200;0;0;;1195;200;200;0;0;;1195;200.0;166.0;1.06375e+06;1599.0;;1195;200;200;0;0;;1195;200.0;192.5;1.08871e+06;1638.0;;1195;200.0;168.1;1.06695e+06;1604.0;;200.0;187.05
1196;200;200;0;0;;1196;200.0;171.7;1.06951e+06;1608.0;;1196;200;200;0;0;;1196;200;200;0;0;;1196;200.0;167.9;1.06567e+06;1602.0;;1196;200;200;0;0;;1196;200.0;192.5;1.08999e+06;1640.0;;1196;200.0;170.0;1.06887e+06;1607.0;;200.0;187.7625
1197;200;200;0;0;;1197;200.0;173.6;1.07079e+06;1610.0;;1197;200;200;0;0;;1197;200;200;0;0;;1197;200.0;169.8;1.06695e+06;1604.0;;1197;200;200;0;0;;1197;200;200;0;0;;1197;200.0;171.9;1.07015e+06;1609.0;;200.0;189.4125
1198;200;200;0;0;;1198;200.0;175.5;1.07271e+06;1613.0;;1198;200;200;0;0;;1198;200;200;0;0;;1198;200.0;171.7;1.06887e+06;1607.0;;1198;200;200;0;0;;1198;200;200;0;0;;1198;200.0;173.8;1.07207e+06;1612.0;;200.0;190.125
1199;200;200;0;0;;1199;200.0;177.4;1.07399e+06;1615.0;;1199;200;200;0;0;;1199;200;200;0;0;;1199;200.0;173.6;1.07015e+06;1609.0;;1199;200;200;0;0;;1199;200;200;0;0;;1199;200.0;175.6;1.07335e+06;1614.0;;200.0;190.825
1200;200;200;0;0;;1200;200.0;179.3;1.07591e+06;1618.0;;1200;200;200;0;0;;1200;200;200;0;0;;1200;200.0;175.5;1.07207e+06;1612.0;;1200;200;200;0;0;;1200;200;200;0;0;;1200;200.0;177.5;1.07527e+06;1617.0;;200.0;191.5375
1201;200;200;0;0;;1201;200.0;181.2;1.07719e+06;1620.0;;1201;200;200;0;0;;1201;200;200;0;0;;1201;200.0;177.4;1.07335e+06;1614.0;;1201;200;200;0;0;;1201;200;200;0;0;;1201;200.0;179.4;1.07655e+06;1619.0;;200.0;192.25
1202;200;200;0;0;;1202;200.0;183.0;1.07911e+06;1623.0;;1202;200;200;0;0;;1202;200;200;0;0;;1202;200.0;179.3;1.07527e+06;1617.0;;1202;200;200;0;0;;1202;200;200;0;0;;1202;200.0;181.3;1.07847e+06;1622.0;;200.0;192.95
1203;200;200;0;0;;1203;200.0;184.9;1.08039e+06;1625.0;;1203;200;200;0;0;;1203;200;200;0;0;;1203;200.0;181.2;1.07655e+06;1619.0;;1203;200;200;0;0;;1203;200;200;0;0;;1203;200.0;183.2;1.07975e+06;1624.0;;200.0;193.6625
1204;200;200;0;0;;1204;200.0;186.8;1.08231e+06;1628.0;;1204;200;200;0;0;;1204;200;200;0;0;;1204;200.0;183.1;1.07847e+06;1622.0;;1204;200;200;0;0;;1204;200;200;0;0;;1204;200.0;185.0;1.08167e+06;1627.0;;200.0;194.3625
1205;200;200;0;0;;1205;200.0;188.7;1.08359e+06;1630.0;;1205;200;200;0;0;;1205;200;200;0;0;;1205;200.0;185.0;1.07975e+06;1624.0;;1205;200;200;0;0;;1205;200;200;0;0;;1205;200.0;186.9;1.08295e+06;1629.0;;200.0;195.075
1206;200;200;0;0;;1206;200.0;190.6;1.08551e+06;1633.0;;1206;200;200;0;0;;1206;200;200;0;0;;1206;200.0;186.9;1.08167e+06;1627.0;;1206;200;200;0;0;;1206;200;200;0;0;;1206;200.0;188.8;1.08487e+06;1632.0;;200.0;195.7875
1207;200;200;0;0;;1207;200.0;192.5;1.08679e+06;1635.0;;1207;200;200;0;0;;1207;200;200;0;0;;1207;200.0;188.8;1.08295e+06;1629.0;;1207;200;200;0;0;;1207;200;200;0;0;;1207;200.0;190.6;1.08615e+06;1634.0;;200.0;196.4875
1208;200;200;0;0;;1208;200.0;192.5;1.08871e+06;1638.0;;1208;200;200;0;0;;1208;200;200;0;0;;1208;200.0;190.6;1.08487e+06;1632.0;;1208;200;200;0;0;;1208;200;200;0;0;;1208;200.0;192.5;1.08807e+06;1637.0;;200.0;196.95
1209;200;200;0;0;;1209;200.0;194.4;1.08999e+06;1640.0;;1209;200;200;0;0;;1209;200;200;0;0;;1209;200.0;192.5;1.08615e+06;1634.0;;1209;200;200;0;0;;1209;200;200;0;0;;1209;200.0;194.4;1.08935e+06;1639.0;;200.0;197.6625
1210;200;200;0;0;;1210;200;200;0;0;;1210;200;200;0;0;;1210;200;200;0;0;;1210;200.0;194.4;1.08807e+06;1637.0;;1210;200;200;0;0;;1210;200;200;0;0;;1210;200;200;0;0;;200.0;199.3
1211;200;200;0;0;;1211;200;200;0;0;;1211;200;200;0;0;;1211;200;200;0;0;;1211;200.0;194.4;1.08935e+06;1639.0;;1211;200;200;0;0;;1211;200;200;0;0;;1211;200;200;0;0;;200.0;199.3
